0 0.950932868018189 1 1 1 0.672885786787925 0.672885786787925 1 1 1 1 1 1 1 1 1 1 1 1 0.672885786787925 1 1
1 0.918221446696981 1 1 0.672885786787925 0.672885786787925 0.672885786787925 1 1 1 1 1 1 1 1 0.672885786787925 1 1 1 0.672885786787925 1 1
2 0.901865736036378 1 1 0.672885786787925 0.672885786787925 0.672885786787925 1 1 1 1 1 1 1 0.672885786787925 0.672885786787925 1 1 1 0.672885786787925 1 1
3 0.901865736036378 1 1 0.672885786787925 0.672885786787925 0.672885786787925 1 1 1 1 1 1 1 0.672885786787925 0.672885786787925 1 1 1 0.672885786787925 1 1
4 0.884888113363648 1 1 0.672885786787925 0.672885786787925 0.666666666666667 1 1 1 1 1 1 1 0.666666666666667 0.672885786787925 1 0.672885786787925 1 0.672885786787925 1 1
5 0.835510025375774 0.672885786787925 1 0.672885786787925 0.672885786787925 0.666666666666667 1 0.666666666666667 1 1 1 1 1 0.666666666666667 0.672885786787925 0.672885786787925 0.672885786787925 1 0.672885786787925 1 1
6 0.818532402703044 0.672885786787925 1 0.666666666666667 0.672885786787925 0.666666666666667 1 0.666666666666667 1 1 1 0.666666666666667 1 0.666666666666667 0.672885786787925 0.672885786787925 0.672885786787925 1 0.672885786787925 1 1
7 0.801865736036377 0.672885786787925 1 0.666666666666667 0.672885786787925 0.333333333333334 1 0.666666666666667 1 1 1 0.666666666666667 1 0.666666666666667 0.672885786787925 0.672885786787925 0.672885786787925 1 0.672885786787925 1 1
8 0.801865736036377 0.672885786787925 1 0.666666666666667 0.672885786787925 0.333333333333334 1 0.666666666666667 1 1 1 0.666666666666667 1 0.666666666666667 0.672885786787925 0.672885786787925 0.672885786787925 1 0.672885786787925 1 1
9 0.785510025375774 0.672885786787925 0.672885786787925 0.666666666666667 0.672885786787925 0.333333333333334 1 0.666666666666667 1 1 1 0.666666666666667 1 0.666666666666667 0.672885786787925 0.672885786787925 0.672885786787925 1 0.672885786787925 1 1
10 0.785199069369711 0.666666666666667 0.672885786787925 0.666666666666667 0.672885786787925 0.333333333333334 1 0.666666666666667 1 1 1 0.666666666666667 1 0.666666666666667 0.672885786787925 0.672885786787925 0.672885786787925 1 0.672885786787925 1 1
11 0.768532402703044 0.666666666666667 0.672885786787925 0.666666666666667 0.672885786787925 0.333333333333334 1 0.666666666666667 1 1 1 0.666666666666667 1 0.666666666666667 0.672885786787925 0.672885786787925 0.672885786787925 1 0.339552453454591 1 1
12 0.735510025375774 0.666666666666667 0.672885786787925 0.666666666666667 0.672885786787925 0.333333333333334 0.666666666666667 0.666666666666667 1 1 1 0.666666666666667 1 0.666666666666667 0.672885786787925 0.672885786787925 0.672885786787925 1 0.339552453454591 0.672885786787925 1
13 0.735510025375774 0.666666666666667 0.672885786787925 0.666666666666667 0.672885786787925 0.333333333333334 0.666666666666667 0.666666666666667 1 1 1 0.666666666666667 1 0.666666666666667 0.672885786787925 0.672885786787925 0.672885786787925 1 0.339552453454591 0.672885786787925 1
14 0.735199069369711 0.666666666666667 0.672885786787925 0.666666666666667 0.672885786787925 0.333333333333334 0.666666666666667 0.666666666666667 1 1 1 0.666666666666667 1 0.666666666666667 0.672885786787925 0.672885786787925 0.672885786787925 1 0.339552453454591 0.666666666666667 1
15 0.735199069369711 0.666666666666667 0.672885786787925 0.666666666666667 0.672885786787925 0.333333333333334 0.666666666666667 0.666666666666667 1 1 1 0.666666666666667 1 0.666666666666667 0.672885786787925 0.672885786787925 0.672885786787925 1 0.339552453454591 0.666666666666667 1
16 0.734888113363648 0.666666666666667 0.672885786787925 0.666666666666667 0.672885786787925 0.333333333333334 0.666666666666667 0.666666666666667 1 1 1 0.666666666666667 1 0.666666666666667 0.672885786787925 0.666666666666667 0.672885786787925 1 0.339552453454591 0.666666666666667 1
17 0.734577157357585 0.666666666666667 0.672885786787925 0.666666666666667 0.672885786787925 0.333333333333334 0.666666666666667 0.666666666666667 1 1 1 0.666666666666667 1 0.666666666666667 0.672885786787925 0.666666666666667 0.666666666666667 1 0.339552453454591 0.666666666666667 1
18 0.718221446696981 0.666666666666667 0.672885786787925 0.666666666666667 0.672885786787925 0.333333333333334 0.666666666666667 0.666666666666667 1 0.672885786787925 1 0.666666666666667 1 0.666666666666667 0.672885786787925 0.666666666666667 0.666666666666667 1 0.339552453454591 0.666666666666667 1
19 0.701865736036377 0.666666666666667 0.672885786787925 0.666666666666667 0.672885786787925 0.333333333333334 0.666666666666667 0.666666666666667 0.672885786787925 0.672885786787925 1 0.666666666666667 1 0.666666666666667 0.672885786787925 0.666666666666667 0.666666666666667 1 0.339552453454591 0.666666666666667 1
20 0.685199069369711 0.666666666666667 0.672885786787925 0.666666666666667 0.672885786787925 0.333333333333334 0.666666666666667 0.666666666666667 0.672885786787925 0.672885786787925 0.666666666666667 0.666666666666667 1 0.666666666666667 0.672885786787925 0.666666666666667 0.666666666666667 1 0.339552453454591 0.666666666666667 1
21 0.684888113363648 0.666666666666667 0.672885786787925 0.666666666666667 0.672885786787925 0.333333333333334 0.666666666666667 0.666666666666667 0.672885786787925 0.672885786787925 0.666666666666667 0.666666666666667 1 0.666666666666667 0.666666666666667 0.666666666666667 0.666666666666667 1 0.339552453454591 0.666666666666667 1
22 0.668532402703044 0.666666666666667 0.672885786787925 0.666666666666667 0.672885786787925 0.333333333333334 0.666666666666667 0.666666666666667 0.672885786787925 0.672885786787925 0.666666666666667 0.666666666666667 1 0.666666666666667 0.666666666666667 0.666666666666667 0.666666666666667 0.672885786787925 0.339552453454591 0.666666666666667 1
23 0.65217669204244 0.666666666666667 0.672885786787925 0.666666666666667 0.672885786787925 0.333333333333334 0.666666666666667 0.666666666666667 0.672885786787925 0.672885786787925 0.666666666666667 0.666666666666667 0.672885786787925 0.666666666666667 0.666666666666667 0.666666666666667 0.666666666666667 0.672885786787925 0.339552453454591 0.666666666666667 1
24 0.635510025375774 0.666666666666667 0.666666666666667 0.666666666666667 0.672885786787925 0.333333333333334 0.666666666666667 0.666666666666667 0.672885786787925 0.672885786787925 0.666666666666667 0.666666666666667 0.672885786787925 0.666666666666667 0.666666666666667 0.666666666666667 0.666666666666667 0.672885786787925 0.339552453454591 0.666666666666667 0.672885786787925
25 0.635510025375774 0.666666666666667 0.666666666666667 0.666666666666667 0.672885786787925 0.333333333333334 0.666666666666667 0.666666666666667 0.672885786787925 0.672885786787925 0.666666666666667 0.666666666666667 0.672885786787925 0.666666666666667 0.666666666666667 0.666666666666667 0.666666666666667 0.672885786787925 0.339552453454591 0.666666666666667 0.672885786787925
26 0.618532402703044 0.666666666666667 0.339552453454591 0.666666666666667 0.672885786787925 0.333333333333334 0.666666666666667 0.666666666666667 0.666666666666667 0.666666666666667 0.666666666666667 0.666666666666667 0.672885786787925 0.666666666666667 0.666666666666667 0.666666666666667 0.666666666666667 0.672885786787925 0.339552453454591 0.666666666666667 0.672885786787925
27 0.618532402703044 0.666666666666667 0.339552453454591 0.666666666666667 0.672885786787925 0.333333333333334 0.666666666666667 0.666666666666667 0.666666666666667 0.666666666666667 0.666666666666667 0.666666666666667 0.672885786787925 0.666666666666667 0.666666666666667 0.666666666666667 0.666666666666667 0.672885786787925 0.339552453454591 0.666666666666667 0.672885786787925
28 0.618532402703044 0.666666666666667 0.339552453454591 0.666666666666667 0.672885786787925 0.333333333333334 0.666666666666667 0.666666666666667 0.666666666666667 0.666666666666667 0.666666666666667 0.666666666666667 0.672885786787925 0.666666666666667 0.666666666666667 0.666666666666667 0.666666666666667 0.672885786787925 0.339552453454591 0.666666666666667 0.672885786787925
29 0.618532402703044 0.666666666666667 0.339552453454591 0.666666666666667 0.672885786787925 0.333333333333334 0.666666666666667 0.666666666666667 0.666666666666667 0.666666666666667 0.666666666666667 0.666666666666667 0.672885786787925 0.666666666666667 0.666666666666667 0.666666666666667 0.666666666666667 0.672885786787925 0.339552453454591 0.666666666666667 0.672885786787925
30 0.618532402703044 0.666666666666667 0.339552453454591 0.666666666666667 0.672885786787925 0.333333333333334 0.666666666666667 0.666666666666667 0.666666666666667 0.666666666666667 0.666666666666667 0.666666666666667 0.672885786787925 0.666666666666667 0.666666666666667 0.666666666666667 0.666666666666667 0.672885786787925 0.339552453454591 0.666666666666667 0.672885786787925
31 0.618532402703044 0.666666666666667 0.339552453454591 0.666666666666667 0.672885786787925 0.333333333333334 0.666666666666667 0.666666666666667 0.666666666666667 0.666666666666667 0.666666666666667 0.666666666666667 0.672885786787925 0.666666666666667 0.666666666666667 0.666666666666667 0.666666666666667 0.672885786787925 0.339552453454591 0.666666666666667 0.672885786787925
32 0.618221446696981 0.666666666666667 0.339552453454591 0.666666666666667 0.672885786787925 0.333333333333334 0.666666666666667 0.666666666666667 0.666666666666667 0.666666666666667 0.666666666666667 0.666666666666667 0.666666666666667 0.666666666666667 0.666666666666667 0.666666666666667 0.666666666666667 0.672885786787925 0.339552453454591 0.666666666666667 0.672885786787925
33 0.618221446696981 0.666666666666667 0.339552453454591 0.666666666666667 0.672885786787925 0.333333333333334 0.666666666666667 0.666666666666667 0.666666666666667 0.666666666666667 0.666666666666667 0.666666666666667 0.666666666666667 0.666666666666667 0.666666666666667 0.666666666666667 0.666666666666667 0.672885786787925 0.339552453454591 0.666666666666667 0.672885786787925
34 0.601865736036377 0.666666666666667 0.339552453454591 0.339552453454591 0.672885786787925 0.333333333333334 0.666666666666667 0.666666666666667 0.666666666666667 0.666666666666667 0.666666666666667 0.666666666666667 0.666666666666667 0.666666666666667 0.666666666666667 0.666666666666667 0.666666666666667 0.672885786787925 0.339552453454591 0.666666666666667 0.672885786787925
35 0.584888113363648 0.666666666666667 0.339552453454591 0.339552453454591 0.672885786787925 0.333333333333334 0.666666666666667 0.666666666666667 0.666666666666667 0.666666666666667 0.666666666666667 0.666666666666667 0.666666666666667 0.666666666666667 0.666666666666667 0.666666666666667 0.666666666666667 0.672885786787925 0 0.666666666666667 0.672885786787925
36 0.584888113363648 0.666666666666667 0.339552453454591 0.339552453454591 0.672885786787925 0.333333333333334 0.666666666666667 0.666666666666667 0.666666666666667 0.666666666666667 0.666666666666667 0.666666666666667 0.666666666666667 0.666666666666667 0.666666666666667 0.666666666666667 0.666666666666667 0.672885786787925 0 0.666666666666667 0.672885786787925
37 0.584888113363648 0.666666666666667 0.339552453454591 0.339552453454591 0.672885786787925 0.333333333333334 0.666666666666667 0.666666666666667 0.666666666666667 0.666666666666667 0.666666666666667 0.666666666666667 0.666666666666667 0.666666666666667 0.666666666666667 0.666666666666667 0.666666666666667 0.672885786787925 0 0.666666666666667 0.672885786787925
38 0.584266201351522 0.666666666666667 0.339552453454591 0.339552453454591 0.666666666666667 0.333333333333334 0.666666666666667 0.666666666666667 0.666666666666667 0.666666666666667 0.666666666666667 0.666666666666667 0.666666666666667 0.666666666666667 0.666666666666667 0.666666666666667 0.666666666666667 0.666666666666667 0 0.666666666666667 0.672885786787925
39 0.584266201351522 0.666666666666667 0.339552453454591 0.339552453454591 0.666666666666667 0.333333333333334 0.666666666666667 0.666666666666667 0.666666666666667 0.666666666666667 0.666666666666667 0.666666666666667 0.666666666666667 0.666666666666667 0.666666666666667 0.666666666666667 0.666666666666667 0.666666666666667 0 0.666666666666667 0.672885786787925
40 0.584266201351522 0.666666666666667 0.339552453454591 0.339552453454591 0.666666666666667 0.333333333333334 0.666666666666667 0.666666666666667 0.666666666666667 0.666666666666667 0.666666666666667 0.666666666666667 0.666666666666667 0.666666666666667 0.666666666666667 0.666666666666667 0.666666666666667 0.666666666666667 0 0.666666666666667 0.672885786787925
41 0.584266201351522 0.666666666666667 0.339552453454591 0.339552453454591 0.666666666666667 0.333333333333334 0.666666666666667 0.666666666666667 0.666666666666667 0.666666666666667 0.666666666666667 0.666666666666667 0.666666666666667 0.666666666666667 0.666666666666667 0.666666666666667 0.666666666666667 0.666666666666667 0 0.666666666666667 0.672885786787925
42 0.584266201351522 0.666666666666667 0.339552453454591 0.339552453454591 0.666666666666667 0.333333333333334 0.666666666666667 0.666666666666667 0.666666666666667 0.666666666666667 0.666666666666667 0.666666666666667 0.666666666666667 0.666666666666667 0.666666666666667 0.666666666666667 0.666666666666667 0.666666666666667 0 0.666666666666667 0.672885786787925
43 0.567910490690918 0.666666666666667 0.339552453454591 0.339552453454591 0.666666666666667 0.333333333333334 0.666666666666667 0.666666666666667 0.666666666666667 0.666666666666667 0.666666666666667 0.666666666666667 0.666666666666667 0.666666666666667 0.666666666666667 0.339552453454591 0.666666666666667 0.666666666666667 0 0.666666666666667 0.672885786787925
44 0.534577157357585 0 0.339552453454591 0.339552453454591 0.666666666666667 0.333333333333334 0.666666666666667 0.666666666666667 0.666666666666667 0.666666666666667 0.666666666666667 0.666666666666667 0.666666666666667 0.666666666666667 0.666666666666667 0.339552453454591 0.666666666666667 0.666666666666667 0 0.666666666666667 0.672885786787925
45 0.534266201351522 0 0.339552453454591 0.339552453454591 0.666666666666667 0.333333333333334 0.666666666666667 0.666666666666667 0.666666666666667 0.666666666666667 0.666666666666667 0.666666666666667 0.666666666666667 0.666666666666667 0.666666666666667 0.339552453454591 0.666666666666667 0.666666666666667 0 0.666666666666667 0.666666666666667
46 0.534266201351522 0 0.339552453454591 0.339552453454591 0.666666666666667 0.333333333333334 0.666666666666667 0.666666666666667 0.666666666666667 0.666666666666667 0.666666666666667 0.666666666666667 0.666666666666667 0.666666666666667 0.666666666666667 0.339552453454591 0.666666666666667 0.666666666666667 0 0.666666666666667 0.666666666666667
47 0.534266201351522 0 0.339552453454591 0.339552453454591 0.666666666666667 0.333333333333334 0.666666666666667 0.666666666666667 0.666666666666667 0.666666666666667 0.666666666666667 0.666666666666667 0.666666666666667 0.666666666666667 0.666666666666667 0.339552453454591 0.666666666666667 0.666666666666667 0 0.666666666666667 0.666666666666667
48 0.534266201351522 0 0.339552453454591 0.339552453454591 0.666666666666667 0.333333333333334 0.666666666666667 0.666666666666667 0.666666666666667 0.666666666666667 0.666666666666667 0.666666666666667 0.666666666666667 0.666666666666667 0.666666666666667 0.339552453454591 0.666666666666667 0.666666666666667 0 0.666666666666667 0.666666666666667
49 0.534266201351522 0 0.339552453454591 0.339552453454591 0.666666666666667 0.333333333333334 0.666666666666667 0.666666666666667 0.666666666666667 0.666666666666667 0.666666666666667 0.666666666666667 0.666666666666667 0.666666666666667 0.666666666666667 0.339552453454591 0.666666666666667 0.666666666666667 0 0.666666666666667 0.666666666666667
50 0.534266201351522 0 0.339552453454591 0.339552453454591 0.666666666666667 0.333333333333334 0.666666666666667 0.666666666666667 0.666666666666667 0.666666666666667 0.666666666666667 0.666666666666667 0.666666666666667 0.666666666666667 0.666666666666667 0.339552453454591 0.666666666666667 0.666666666666667 0 0.666666666666667 0.666666666666667
51 0.534266201351522 0 0.339552453454591 0.339552453454591 0.666666666666667 0.333333333333334 0.666666666666667 0.666666666666667 0.666666666666667 0.666666666666667 0.666666666666667 0.666666666666667 0.666666666666667 0.666666666666667 0.666666666666667 0.339552453454591 0.666666666666667 0.666666666666667 0 0.666666666666667 0.666666666666667
52 0.517288578678792 0 0.339552453454591 0 0.666666666666667 0.333333333333334 0.666666666666667 0.666666666666667 0.666666666666667 0.666666666666667 0.666666666666667 0.666666666666667 0.666666666666667 0.666666666666667 0.666666666666667 0.339552453454591 0.666666666666667 0.666666666666667 0 0.666666666666667 0.666666666666667
53 0.517288578678792 0 0.339552453454591 0 0.666666666666667 0.333333333333334 0.666666666666667 0.666666666666667 0.666666666666667 0.666666666666667 0.666666666666667 0.666666666666667 0.666666666666667 0.666666666666667 0.666666666666667 0.339552453454591 0.666666666666667 0.666666666666667 0 0.666666666666667 0.666666666666667
54 0.517288578678792 0 0.339552453454591 0 0.666666666666667 0.333333333333334 0.666666666666667 0.666666666666667 0.666666666666667 0.666666666666667 0.666666666666667 0.666666666666667 0.666666666666667 0.666666666666667 0.666666666666667 0.339552453454591 0.666666666666667 0.666666666666667 0 0.666666666666667 0.666666666666667
55 0.517288578678792 0 0.339552453454591 0 0.666666666666667 0.333333333333334 0.666666666666667 0.666666666666667 0.666666666666667 0.666666666666667 0.666666666666667 0.666666666666667 0.666666666666667 0.666666666666667 0.666666666666667 0.339552453454591 0.666666666666667 0.666666666666667 0 0.666666666666667 0.666666666666667
56 0.517288578678792 0 0.339552453454591 0 0.666666666666667 0.333333333333334 0.666666666666667 0.666666666666667 0.666666666666667 0.666666666666667 0.666666666666667 0.666666666666667 0.666666666666667 0.666666666666667 0.666666666666667 0.339552453454591 0.666666666666667 0.666666666666667 0 0.666666666666667 0.666666666666667
57 0.517288578678792 0 0.339552453454591 0 0.666666666666667 0.333333333333334 0.666666666666667 0.666666666666667 0.666666666666667 0.666666666666667 0.666666666666667 0.666666666666667 0.666666666666667 0.666666666666667 0.666666666666667 0.339552453454591 0.666666666666667 0.666666666666667 0 0.666666666666667 0.666666666666667
58 0.517288578678792 0 0.339552453454591 0 0.666666666666667 0.333333333333334 0.666666666666667 0.666666666666667 0.666666666666667 0.666666666666667 0.666666666666667 0.666666666666667 0.666666666666667 0.666666666666667 0.666666666666667 0.339552453454591 0.666666666666667 0.666666666666667 0 0.666666666666667 0.666666666666667
59 0.517288578678792 0 0.339552453454591 0 0.666666666666667 0.333333333333334 0.666666666666667 0.666666666666667 0.666666666666667 0.666666666666667 0.666666666666667 0.666666666666667 0.666666666666667 0.666666666666667 0.666666666666667 0.339552453454591 0.666666666666667 0.666666666666667 0 0.666666666666667 0.666666666666667
60 0.517288578678792 0 0.339552453454591 0 0.666666666666667 0.333333333333334 0.666666666666667 0.666666666666667 0.666666666666667 0.666666666666667 0.666666666666667 0.666666666666667 0.666666666666667 0.666666666666667 0.666666666666667 0.339552453454591 0.666666666666667 0.666666666666667 0 0.666666666666667 0.666666666666667
61 0.517288578678792 0 0.339552453454591 0 0.666666666666667 0.333333333333334 0.666666666666667 0.666666666666667 0.666666666666667 0.666666666666667 0.666666666666667 0.666666666666667 0.666666666666667 0.666666666666667 0.666666666666667 0.339552453454591 0.666666666666667 0.666666666666667 0 0.666666666666667 0.666666666666667
62 0.517288578678792 0 0.339552453454591 0 0.666666666666667 0.333333333333334 0.666666666666667 0.666666666666667 0.666666666666667 0.666666666666667 0.666666666666667 0.666666666666667 0.666666666666667 0.666666666666667 0.666666666666667 0.339552453454591 0.666666666666667 0.666666666666667 0 0.666666666666667 0.666666666666667
63 0.517288578678792 0 0.339552453454591 0 0.666666666666667 0.333333333333334 0.666666666666667 0.666666666666667 0.666666666666667 0.666666666666667 0.666666666666667 0.666666666666667 0.666666666666667 0.666666666666667 0.666666666666667 0.339552453454591 0.666666666666667 0.666666666666667 0 0.666666666666667 0.666666666666667
64 0.500621912012126 0 0.339552453454591 0 0.666666666666667 0 0.666666666666667 0.666666666666667 0.666666666666667 0.666666666666667 0.666666666666667 0.666666666666667 0.666666666666667 0.666666666666667 0.666666666666667 0.339552453454591 0.666666666666667 0.666666666666667 0 0.666666666666667 0.666666666666667
65 0.500621912012126 0 0.339552453454591 0 0.666666666666667 0 0.666666666666667 0.666666666666667 0.666666666666667 0.666666666666667 0.666666666666667 0.666666666666667 0.666666666666667 0.666666666666667 0.666666666666667 0.339552453454591 0.666666666666667 0.666666666666667 0 0.666666666666667 0.666666666666667
66 0.500621912012126 0 0.339552453454591 0 0.666666666666667 0 0.666666666666667 0.666666666666667 0.666666666666667 0.666666666666667 0.666666666666667 0.666666666666667 0.666666666666667 0.666666666666667 0.666666666666667 0.339552453454591 0.666666666666667 0.666666666666667 0 0.666666666666667 0.666666666666667
67 0.500621912012126 0 0.339552453454591 0 0.666666666666667 0 0.666666666666667 0.666666666666667 0.666666666666667 0.666666666666667 0.666666666666667 0.666666666666667 0.666666666666667 0.666666666666667 0.666666666666667 0.339552453454591 0.666666666666667 0.666666666666667 0 0.666666666666667 0.666666666666667
68 0.500621912012126 0 0.339552453454591 0 0.666666666666667 0 0.666666666666667 0.666666666666667 0.666666666666667 0.666666666666667 0.666666666666667 0.666666666666667 0.666666666666667 0.666666666666667 0.666666666666667 0.339552453454591 0.666666666666667 0.666666666666667 0 0.666666666666667 0.666666666666667
69 0.500621912012126 0 0.339552453454591 0 0.666666666666667 0 0.666666666666667 0.666666666666667 0.666666666666667 0.666666666666667 0.666666666666667 0.666666666666667 0.666666666666667 0.666666666666667 0.666666666666667 0.339552453454591 0.666666666666667 0.666666666666667 0 0.666666666666667 0.666666666666667
70 0.500621912012126 0 0.339552453454591 0 0.666666666666667 0 0.666666666666667 0.666666666666667 0.666666666666667 0.666666666666667 0.666666666666667 0.666666666666667 0.666666666666667 0.666666666666667 0.666666666666667 0.339552453454591 0.666666666666667 0.666666666666667 0 0.666666666666667 0.666666666666667
71 0.500621912012126 0 0.339552453454591 0 0.666666666666667 0 0.666666666666667 0.666666666666667 0.666666666666667 0.666666666666667 0.666666666666667 0.666666666666667 0.666666666666667 0.666666666666667 0.666666666666667 0.339552453454591 0.666666666666667 0.666666666666667 0 0.666666666666667 0.666666666666667
72 0.500621912012126 0 0.339552453454591 0 0.666666666666667 0 0.666666666666667 0.666666666666667 0.666666666666667 0.666666666666667 0.666666666666667 0.666666666666667 0.666666666666667 0.666666666666667 0.666666666666667 0.339552453454591 0.666666666666667 0.666666666666667 0 0.666666666666667 0.666666666666667
73 0.500621912012126 0 0.339552453454591 0 0.666666666666667 0 0.666666666666667 0.666666666666667 0.666666666666667 0.666666666666667 0.666666666666667 0.666666666666667 0.666666666666667 0.666666666666667 0.666666666666667 0.339552453454591 0.666666666666667 0.666666666666667 0 0.666666666666667 0.666666666666667
74 0.500621912012126 0 0.339552453454591 0 0.666666666666667 0 0.666666666666667 0.666666666666667 0.666666666666667 0.666666666666667 0.666666666666667 0.666666666666667 0.666666666666667 0.666666666666667 0.666666666666667 0.339552453454591 0.666666666666667 0.666666666666667 0 0.666666666666667 0.666666666666667
75 0.500621912012126 0 0.339552453454591 0 0.666666666666667 0 0.666666666666667 0.666666666666667 0.666666666666667 0.666666666666667 0.666666666666667 0.666666666666667 0.666666666666667 0.666666666666667 0.666666666666667 0.339552453454591 0.666666666666667 0.666666666666667 0 0.666666666666667 0.666666666666667
76 0.483955245345459 0 0.339552453454591 0 0.666666666666667 0 0.666666666666667 0.666666666666667 0.666666666666667 0.666666666666667 0.666666666666667 0.666666666666667 0.666666666666667 0.666666666666667 0.666666666666667 0.339552453454591 0.666666666666667 0.666666666666667 0 0.333333333333334 0.666666666666667
77 0.483955245345459 0 0.339552453454591 0 0.666666666666667 0 0.666666666666667 0.666666666666667 0.666666666666667 0.666666666666667 0.666666666666667 0.666666666666667 0.666666666666667 0.666666666666667 0.666666666666667 0.339552453454591 0.666666666666667 0.666666666666667 0 0.333333333333334 0.666666666666667
78 0.450621912012126 0 0.339552453454591 0 0.666666666666667 0 0.666666666666667 0.666666666666667 0.666666666666667 0.666666666666667 0.666666666666667 0.666666666666667 0.666666666666667 0 0.666666666666667 0.339552453454591 0.666666666666667 0.666666666666667 0 0.333333333333334 0.666666666666667
79 0.450621912012126 0 0.339552453454591 0 0.666666666666667 0 0.666666666666667 0.666666666666667 0.666666666666667 0.666666666666667 0.666666666666667 0.666666666666667 0.666666666666667 0 0.666666666666667 0.339552453454591 0.666666666666667 0.666666666666667 0 0.333333333333334 0.666666666666667
80 0.450621912012126 0 0.339552453454591 0 0.666666666666667 0 0.666666666666667 0.666666666666667 0.666666666666667 0.666666666666667 0.666666666666667 0.666666666666667 0.666666666666667 0 0.666666666666667 0.339552453454591 0.666666666666667 0.666666666666667 0 0.333333333333334 0.666666666666667
81 0.450621912012126 0 0.339552453454591 0 0.666666666666667 0 0.666666666666667 0.666666666666667 0.666666666666667 0.666666666666667 0.666666666666667 0.666666666666667 0.666666666666667 0 0.666666666666667 0.339552453454591 0.666666666666667 0.666666666666667 0 0.333333333333334 0.666666666666667
82 0.450621912012126 0 0.339552453454591 0 0.666666666666667 0 0.666666666666667 0.666666666666667 0.666666666666667 0.666666666666667 0.666666666666667 0.666666666666667 0.666666666666667 0 0.666666666666667 0.339552453454591 0.666666666666667 0.666666666666667 0 0.333333333333334 0.666666666666667
83 0.417288578678793 0 0.339552453454591 0 0.666666666666667 0 0.666666666666667 0 0.666666666666667 0.666666666666667 0.666666666666667 0.666666666666667 0.666666666666667 0 0.666666666666667 0.339552453454591 0.666666666666667 0.666666666666667 0 0.333333333333334 0.666666666666667
84 0.417288578678793 0 0.339552453454591 0 0.666666666666667 0 0.666666666666667 0 0.666666666666667 0.666666666666667 0.666666666666667 0.666666666666667 0.666666666666667 0 0.666666666666667 0.339552453454591 0.666666666666667 0.666666666666667 0 0.333333333333334 0.666666666666667
85 0.417288578678793 0 0.339552453454591 0 0.666666666666667 0 0.666666666666667 0 0.666666666666667 0.666666666666667 0.666666666666667 0.666666666666667 0.666666666666667 0 0.666666666666667 0.339552453454591 0.666666666666667 0.666666666666667 0 0.333333333333334 0.666666666666667
86 0.417288578678793 0 0.339552453454591 0 0.666666666666667 0 0.666666666666667 0 0.666666666666667 0.666666666666667 0.666666666666667 0.666666666666667 0.666666666666667 0 0.666666666666667 0.339552453454591 0.666666666666667 0.666666666666667 0 0.333333333333334 0.666666666666667
87 0.417288578678793 0 0.339552453454591 0 0.666666666666667 0 0.666666666666667 0 0.666666666666667 0.666666666666667 0.666666666666667 0.666666666666667 0.666666666666667 0 0.666666666666667 0.339552453454591 0.666666666666667 0.666666666666667 0 0.333333333333334 0.666666666666667
88 0.400310956006063 0 0.333333333333334 0 0.666666666666667 0 0.666666666666667 0 0.666666666666667 0.666666666666667 0.666666666666667 0.666666666666667 0.666666666666667 0 0.666666666666667 0.339552453454591 0.666666666666667 0.666666666666667 0 0 0.666666666666667
89 0.400310956006063 0 0.333333333333334 0 0.666666666666667 0 0.666666666666667 0 0.666666666666667 0.666666666666667 0.666666666666667 0.666666666666667 0.666666666666667 0 0.666666666666667 0.339552453454591 0.666666666666667 0.666666666666667 0 0 0.666666666666667
90 0.400310956006063 0 0.333333333333334 0 0.666666666666667 0 0.666666666666667 0 0.666666666666667 0.666666666666667 0.666666666666667 0.666666666666667 0.666666666666667 0 0.666666666666667 0.339552453454591 0.666666666666667 0.666666666666667 0 0 0.666666666666667
91 0.400310956006063 0 0.333333333333334 0 0.666666666666667 0 0.666666666666667 0 0.666666666666667 0.666666666666667 0.666666666666667 0.666666666666667 0.666666666666667 0 0.666666666666667 0.339552453454591 0.666666666666667 0.666666666666667 0 0 0.666666666666667
92 0.400310956006063 0 0.333333333333334 0 0.666666666666667 0 0.666666666666667 0 0.666666666666667 0.666666666666667 0.666666666666667 0.666666666666667 0.666666666666667 0 0.666666666666667 0.339552453454591 0.666666666666667 0.666666666666667 0 0 0.666666666666667
93 0.400310956006063 0 0.333333333333334 0 0.666666666666667 0 0.666666666666667 0 0.666666666666667 0.666666666666667 0.666666666666667 0.666666666666667 0.666666666666667 0 0.666666666666667 0.339552453454591 0.666666666666667 0.666666666666667 0 0 0.666666666666667
94 0.400310956006063 0 0.333333333333334 0 0.666666666666667 0 0.666666666666667 0 0.666666666666667 0.666666666666667 0.666666666666667 0.666666666666667 0.666666666666667 0 0.666666666666667 0.339552453454591 0.666666666666667 0.666666666666667 0 0 0.666666666666667
95 0.400310956006063 0 0.333333333333334 0 0.666666666666667 0 0.666666666666667 0 0.666666666666667 0.666666666666667 0.666666666666667 0.666666666666667 0.666666666666667 0 0.666666666666667 0.339552453454591 0.666666666666667 0.666666666666667 0 0 0.666666666666667
96 0.400310956006063 0 0.333333333333334 0 0.666666666666667 0 0.666666666666667 0 0.666666666666667 0.666666666666667 0.666666666666667 0.666666666666667 0.666666666666667 0 0.666666666666667 0.339552453454591 0.666666666666667 0.666666666666667 0 0 0.666666666666667
97 0.4 0 0.333333333333334 0 0.666666666666667 0 0.666666666666667 0 0.666666666666667 0.666666666666667 0.666666666666667 0.666666666666667 0.666666666666667 0 0.666666666666667 0.333333333333334 0.666666666666667 0.666666666666667 0 0 0.666666666666667
98 0.4 0 0.333333333333334 0 0.666666666666667 0 0.666666666666667 0 0.666666666666667 0.666666666666667 0.666666666666667 0.666666666666667 0.666666666666667 0 0.666666666666667 0.333333333333334 0.666666666666667 0.666666666666667 0 0 0.666666666666667
99 0.383333333333333 0 0.333333333333334 0 0.666666666666667 0 0.666666666666667 0 0.666666666666667 0.666666666666667 0.666666666666667 0.666666666666667 0.666666666666667 0 0.666666666666667 0 0.666666666666667 0.666666666666667 0 0 0.666666666666667
100 0.366666666666667 0 0 0 0.666666666666667 0 0.666666666666667 0 0.666666666666667 0.666666666666667 0.666666666666667 0.666666666666667 0.666666666666667 0 0.666666666666667 0 0.666666666666667 0.666666666666667 0 0 0.666666666666667
101 0.366666666666667 0 0 0 0.666666666666667 0 0.666666666666667 0 0.666666666666667 0.666666666666667 0.666666666666667 0.666666666666667 0.666666666666667 0 0.666666666666667 0 0.666666666666667 0.666666666666667 0 0 0.666666666666667
102 0.366666666666667 0 0 0 0.666666666666667 0 0.666666666666667 0 0.666666666666667 0.666666666666667 0.666666666666667 0.666666666666667 0.666666666666667 0 0.666666666666667 0 0.666666666666667 0.666666666666667 0 0 0.666666666666667
103 0.366666666666667 0 0 0 0.666666666666667 0 0.666666666666667 0 0.666666666666667 0.666666666666667 0.666666666666667 0.666666666666667 0.666666666666667 0 0.666666666666667 0 0.666666666666667 0.666666666666667 0 0 0.666666666666667
104 0.366666666666667 0 0 0 0.666666666666667 0 0.666666666666667 0 0.666666666666667 0.666666666666667 0.666666666666667 0.666666666666667 0.666666666666667 0 0.666666666666667 0 0.666666666666667 0.666666666666667 0 0 0.666666666666667
105 0.366666666666667 0 0 0 0.666666666666667 0 0.666666666666667 0 0.666666666666667 0.666666666666667 0.666666666666667 0.666666666666667 0.666666666666667 0 0.666666666666667 0 0.666666666666667 0.666666666666667 0 0 0.666666666666667
106 0.350310956006063 0 0 0 0.666666666666667 0 0.339552453454591 0 0.666666666666667 0.666666666666667 0.666666666666667 0.666666666666667 0.666666666666667 0 0.666666666666667 0 0.666666666666667 0.666666666666667 0 0 0.666666666666667
107 0.350310956006063 0 0 0 0.666666666666667 0 0.339552453454591 0 0.666666666666667 0.666666666666667 0.666666666666667 0.666666666666667 0.666666666666667 0 0.666666666666667 0 0.666666666666667 0.666666666666667 0 0 0.666666666666667
108 0.350310956006063 0 0 0 0.666666666666667 0 0.339552453454591 0 0.666666666666667 0.666666666666667 0.666666666666667 0.666666666666667 0.666666666666667 0 0.666666666666667 0 0.666666666666667 0.666666666666667 0 0 0.666666666666667
109 0.350310956006063 0 0 0 0.666666666666667 0 0.339552453454591 0 0.666666666666667 0.666666666666667 0.666666666666667 0.666666666666667 0.666666666666667 0 0.666666666666667 0 0.666666666666667 0.666666666666667 0 0 0.666666666666667
110 0.350310956006063 0 0 0 0.666666666666667 0 0.339552453454591 0 0.666666666666667 0.666666666666667 0.666666666666667 0.666666666666667 0.666666666666667 0 0.666666666666667 0 0.666666666666667 0.666666666666667 0 0 0.666666666666667
111 0.350310956006063 0 0 0 0.666666666666667 0 0.339552453454591 0 0.666666666666667 0.666666666666667 0.666666666666667 0.666666666666667 0.666666666666667 0 0.666666666666667 0 0.666666666666667 0.666666666666667 0 0 0.666666666666667
112 0.350310956006063 0 0 0 0.666666666666667 0 0.339552453454591 0 0.666666666666667 0.666666666666667 0.666666666666667 0.666666666666667 0.666666666666667 0 0.666666666666667 0 0.666666666666667 0.666666666666667 0 0 0.666666666666667
113 0.31697762267273 0 0 0 0.666666666666667 0 0.339552453454591 0 0 0.666666666666667 0.666666666666667 0.666666666666667 0.666666666666667 0 0.666666666666667 0 0.666666666666667 0.666666666666667 0 0 0.666666666666667
114 0.31697762267273 0 0 0 0.666666666666667 0 0.339552453454591 0 0 0.666666666666667 0.666666666666667 0.666666666666667 0.666666666666667 0 0.666666666666667 0 0.666666666666667 0.666666666666667 0 0 0.666666666666667
115 0.31697762267273 0 0 0 0.666666666666667 0 0.339552453454591 0 0 0.666666666666667 0.666666666666667 0.666666666666667 0.666666666666667 0 0.666666666666667 0 0.666666666666667 0.666666666666667 0 0 0.666666666666667
116 0.31697762267273 0 0 0 0.666666666666667 0 0.339552453454591 0 0 0.666666666666667 0.666666666666667 0.666666666666667 0.666666666666667 0 0.666666666666667 0 0.666666666666667 0.666666666666667 0 0 0.666666666666667
117 0.31697762267273 0 0 0 0.666666666666667 0 0.339552453454591 0 0 0.666666666666667 0.666666666666667 0.666666666666667 0.666666666666667 0 0.666666666666667 0 0.666666666666667 0.666666666666667 0 0 0.666666666666667
118 0.31697762267273 0 0 0 0.666666666666667 0 0.339552453454591 0 0 0.666666666666667 0.666666666666667 0.666666666666667 0.666666666666667 0 0.666666666666667 0 0.666666666666667 0.666666666666667 0 0 0.666666666666667
119 0.31697762267273 0 0 0 0.666666666666667 0 0.339552453454591 0 0 0.666666666666667 0.666666666666667 0.666666666666667 0.666666666666667 0 0.666666666666667 0 0.666666666666667 0.666666666666667 0 0 0.666666666666667
120 0.31697762267273 0 0 0 0.666666666666667 0 0.339552453454591 0 0 0.666666666666667 0.666666666666667 0.666666666666667 0.666666666666667 0 0.666666666666667 0 0.666666666666667 0.666666666666667 0 0 0.666666666666667
121 0.31697762267273 0 0 0 0.666666666666667 0 0.339552453454591 0 0 0.666666666666667 0.666666666666667 0.666666666666667 0.666666666666667 0 0.666666666666667 0 0.666666666666667 0.666666666666667 0 0 0.666666666666667
122 0.31697762267273 0 0 0 0.666666666666667 0 0.339552453454591 0 0 0.666666666666667 0.666666666666667 0.666666666666667 0.666666666666667 0 0.666666666666667 0 0.666666666666667 0.666666666666667 0 0 0.666666666666667
123 0.31697762267273 0 0 0 0.666666666666667 0 0.339552453454591 0 0 0.666666666666667 0.666666666666667 0.666666666666667 0.666666666666667 0 0.666666666666667 0 0.666666666666667 0.666666666666667 0 0 0.666666666666667
124 0.31697762267273 0 0 0 0.666666666666667 0 0.339552453454591 0 0 0.666666666666667 0.666666666666667 0.666666666666667 0.666666666666667 0 0.666666666666667 0 0.666666666666667 0.666666666666667 0 0 0.666666666666667
125 0.31697762267273 0 0 0 0.666666666666667 0 0.339552453454591 0 0 0.666666666666667 0.666666666666667 0.666666666666667 0.666666666666667 0 0.666666666666667 0 0.666666666666667 0.666666666666667 0 0 0.666666666666667
126 0.31697762267273 0 0 0 0.666666666666667 0 0.339552453454591 0 0 0.666666666666667 0.666666666666667 0.666666666666667 0.666666666666667 0 0.666666666666667 0 0.666666666666667 0.666666666666667 0 0 0.666666666666667
127 0.31697762267273 0 0 0 0.666666666666667 0 0.339552453454591 0 0 0.666666666666667 0.666666666666667 0.666666666666667 0.666666666666667 0 0.666666666666667 0 0.666666666666667 0.666666666666667 0 0 0.666666666666667
128 0.31697762267273 0 0 0 0.666666666666667 0 0.339552453454591 0 0 0.666666666666667 0.666666666666667 0.666666666666667 0.666666666666667 0 0.666666666666667 0 0.666666666666667 0.666666666666667 0 0 0.666666666666667
129 0.31697762267273 0 0 0 0.666666666666667 0 0.339552453454591 0 0 0.666666666666667 0.666666666666667 0.666666666666667 0.666666666666667 0 0.666666666666667 0 0.666666666666667 0.666666666666667 0 0 0.666666666666667
130 0.31697762267273 0 0 0 0.666666666666667 0 0.339552453454591 0 0 0.666666666666667 0.666666666666667 0.666666666666667 0.666666666666667 0 0.666666666666667 0 0.666666666666667 0.666666666666667 0 0 0.666666666666667
131 0.31697762267273 0 0 0 0.666666666666667 0 0.339552453454591 0 0 0.666666666666667 0.666666666666667 0.666666666666667 0.666666666666667 0 0.666666666666667 0 0.666666666666667 0.666666666666667 0 0 0.666666666666667
132 0.31697762267273 0 0 0 0.666666666666667 0 0.339552453454591 0 0 0.666666666666667 0.666666666666667 0.666666666666667 0.666666666666667 0 0.666666666666667 0 0.666666666666667 0.666666666666667 0 0 0.666666666666667
133 0.31697762267273 0 0 0 0.666666666666667 0 0.339552453454591 0 0 0.666666666666667 0.666666666666667 0.666666666666667 0.666666666666667 0 0.666666666666667 0 0.666666666666667 0.666666666666667 0 0 0.666666666666667
134 0.31697762267273 0 0 0 0.666666666666667 0 0.339552453454591 0 0 0.666666666666667 0.666666666666667 0.666666666666667 0.666666666666667 0 0.666666666666667 0 0.666666666666667 0.666666666666667 0 0 0.666666666666667
135 0.31697762267273 0 0 0 0.666666666666667 0 0.339552453454591 0 0 0.666666666666667 0.666666666666667 0.666666666666667 0.666666666666667 0 0.666666666666667 0 0.666666666666667 0.666666666666667 0 0 0.666666666666667
136 0.31697762267273 0 0 0 0.666666666666667 0 0.339552453454591 0 0 0.666666666666667 0.666666666666667 0.666666666666667 0.666666666666667 0 0.666666666666667 0 0.666666666666667 0.666666666666667 0 0 0.666666666666667
137 0.31697762267273 0 0 0 0.666666666666667 0 0.339552453454591 0 0 0.666666666666667 0.666666666666667 0.666666666666667 0.666666666666667 0 0.666666666666667 0 0.666666666666667 0.666666666666667 0 0 0.666666666666667
138 0.31697762267273 0 0 0 0.666666666666667 0 0.339552453454591 0 0 0.666666666666667 0.666666666666667 0.666666666666667 0.666666666666667 0 0.666666666666667 0 0.666666666666667 0.666666666666667 0 0 0.666666666666667
139 0.31697762267273 0 0 0 0.666666666666667 0 0.339552453454591 0 0 0.666666666666667 0.666666666666667 0.666666666666667 0.666666666666667 0 0.666666666666667 0 0.666666666666667 0.666666666666667 0 0 0.666666666666667
140 0.31697762267273 0 0 0 0.666666666666667 0 0.339552453454591 0 0 0.666666666666667 0.666666666666667 0.666666666666667 0.666666666666667 0 0.666666666666667 0 0.666666666666667 0.666666666666667 0 0 0.666666666666667
141 0.300621912012126 0 0 0 0.666666666666667 0 0.339552453454591 0 0 0.666666666666667 0.666666666666667 0.339552453454591 0.666666666666667 0 0.666666666666667 0 0.666666666666667 0.666666666666667 0 0 0.666666666666667
142 0.300621912012126 0 0 0 0.666666666666667 0 0.339552453454591 0 0 0.666666666666667 0.666666666666667 0.339552453454591 0.666666666666667 0 0.666666666666667 0 0.666666666666667 0.666666666666667 0 0 0.666666666666667
143 0.300621912012126 0 0 0 0.666666666666667 0 0.339552453454591 0 0 0.666666666666667 0.666666666666667 0.339552453454591 0.666666666666667 0 0.666666666666667 0 0.666666666666667 0.666666666666667 0 0 0.666666666666667
144 0.300621912012126 0 0 0 0.666666666666667 0 0.339552453454591 0 0 0.666666666666667 0.666666666666667 0.339552453454591 0.666666666666667 0 0.666666666666667 0 0.666666666666667 0.666666666666667 0 0 0.666666666666667
145 0.300621912012126 0 0 0 0.666666666666667 0 0.339552453454591 0 0 0.666666666666667 0.666666666666667 0.339552453454591 0.666666666666667 0 0.666666666666667 0 0.666666666666667 0.666666666666667 0 0 0.666666666666667
146 0.300621912012126 0 0 0 0.666666666666667 0 0.339552453454591 0 0 0.666666666666667 0.666666666666667 0.339552453454591 0.666666666666667 0 0.666666666666667 0 0.666666666666667 0.666666666666667 0 0 0.666666666666667
147 0.300621912012126 0 0 0 0.666666666666667 0 0.339552453454591 0 0 0.666666666666667 0.666666666666667 0.339552453454591 0.666666666666667 0 0.666666666666667 0 0.666666666666667 0.666666666666667 0 0 0.666666666666667
148 0.300621912012126 0 0 0 0.666666666666667 0 0.339552453454591 0 0 0.666666666666667 0.666666666666667 0.339552453454591 0.666666666666667 0 0.666666666666667 0 0.666666666666667 0.666666666666667 0 0 0.666666666666667
149 0.300621912012126 0 0 0 0.666666666666667 0 0.339552453454591 0 0 0.666666666666667 0.666666666666667 0.339552453454591 0.666666666666667 0 0.666666666666667 0 0.666666666666667 0.666666666666667 0 0 0.666666666666667
150 0.300621912012126 0 0 0 0.666666666666667 0 0.339552453454591 0 0 0.666666666666667 0.666666666666667 0.339552453454591 0.666666666666667 0 0.666666666666667 0 0.666666666666667 0.666666666666667 0 0 0.666666666666667
151 0.300621912012126 0 0 0 0.666666666666667 0 0.339552453454591 0 0 0.666666666666667 0.666666666666667 0.339552453454591 0.666666666666667 0 0.666666666666667 0 0.666666666666667 0.666666666666667 0 0 0.666666666666667
152 0.300621912012126 0 0 0 0.666666666666667 0 0.339552453454591 0 0 0.666666666666667 0.666666666666667 0.339552453454591 0.666666666666667 0 0.666666666666667 0 0.666666666666667 0.666666666666667 0 0 0.666666666666667
153 0.300621912012126 0 0 0 0.666666666666667 0 0.339552453454591 0 0 0.666666666666667 0.666666666666667 0.339552453454591 0.666666666666667 0 0.666666666666667 0 0.666666666666667 0.666666666666667 0 0 0.666666666666667
154 0.300621912012126 0 0 0 0.666666666666667 0 0.339552453454591 0 0 0.666666666666667 0.666666666666667 0.339552453454591 0.666666666666667 0 0.666666666666667 0 0.666666666666667 0.666666666666667 0 0 0.666666666666667
155 0.300621912012126 0 0 0 0.666666666666667 0 0.339552453454591 0 0 0.666666666666667 0.666666666666667 0.339552453454591 0.666666666666667 0 0.666666666666667 0 0.666666666666667 0.666666666666667 0 0 0.666666666666667
156 0.300621912012126 0 0 0 0.666666666666667 0 0.339552453454591 0 0 0.666666666666667 0.666666666666667 0.339552453454591 0.666666666666667 0 0.666666666666667 0 0.666666666666667 0.666666666666667 0 0 0.666666666666667
157 0.300621912012126 0 0 0 0.666666666666667 0 0.339552453454591 0 0 0.666666666666667 0.666666666666667 0.339552453454591 0.666666666666667 0 0.666666666666667 0 0.666666666666667 0.666666666666667 0 0 0.666666666666667
158 0.300621912012126 0 0 0 0.666666666666667 0 0.339552453454591 0 0 0.666666666666667 0.666666666666667 0.339552453454591 0.666666666666667 0 0.666666666666667 0 0.666666666666667 0.666666666666667 0 0 0.666666666666667
159 0.300621912012126 0 0 0 0.666666666666667 0 0.339552453454591 0 0 0.666666666666667 0.666666666666667 0.339552453454591 0.666666666666667 0 0.666666666666667 0 0.666666666666667 0.666666666666667 0 0 0.666666666666667
160 0.300621912012126 0 0 0 0.666666666666667 0 0.339552453454591 0 0 0.666666666666667 0.666666666666667 0.339552453454591 0.666666666666667 0 0.666666666666667 0 0.666666666666667 0.666666666666667 0 0 0.666666666666667
161 0.300621912012126 0 0 0 0.666666666666667 0 0.339552453454591 0 0 0.666666666666667 0.666666666666667 0.339552453454591 0.666666666666667 0 0.666666666666667 0 0.666666666666667 0.666666666666667 0 0 0.666666666666667
162 0.300621912012126 0 0 0 0.666666666666667 0 0.339552453454591 0 0 0.666666666666667 0.666666666666667 0.339552453454591 0.666666666666667 0 0.666666666666667 0 0.666666666666667 0.666666666666667 0 0 0.666666666666667
163 0.300621912012126 0 0 0 0.666666666666667 0 0.339552453454591 0 0 0.666666666666667 0.666666666666667 0.339552453454591 0.666666666666667 0 0.666666666666667 0 0.666666666666667 0.666666666666667 0 0 0.666666666666667
164 0.300621912012126 0 0 0 0.666666666666667 0 0.339552453454591 0 0 0.666666666666667 0.666666666666667 0.339552453454591 0.666666666666667 0 0.666666666666667 0 0.666666666666667 0.666666666666667 0 0 0.666666666666667
165 0.300621912012126 0 0 0 0.666666666666667 0 0.339552453454591 0 0 0.666666666666667 0.666666666666667 0.339552453454591 0.666666666666667 0 0.666666666666667 0 0.666666666666667 0.666666666666667 0 0 0.666666666666667
166 0.300621912012126 0 0 0 0.666666666666667 0 0.339552453454591 0 0 0.666666666666667 0.666666666666667 0.339552453454591 0.666666666666667 0 0.666666666666667 0 0.666666666666667 0.666666666666667 0 0 0.666666666666667
167 0.300621912012126 0 0 0 0.666666666666667 0 0.339552453454591 0 0 0.666666666666667 0.666666666666667 0.339552453454591 0.666666666666667 0 0.666666666666667 0 0.666666666666667 0.666666666666667 0 0 0.666666666666667
168 0.300621912012126 0 0 0 0.666666666666667 0 0.339552453454591 0 0 0.666666666666667 0.666666666666667 0.339552453454591 0.666666666666667 0 0.666666666666667 0 0.666666666666667 0.666666666666667 0 0 0.666666666666667
169 0.300621912012126 0 0 0 0.666666666666667 0 0.339552453454591 0 0 0.666666666666667 0.666666666666667 0.339552453454591 0.666666666666667 0 0.666666666666667 0 0.666666666666667 0.666666666666667 0 0 0.666666666666667
170 0.284266201351522 0 0 0 0.666666666666667 0 0.339552453454591 0 0 0.666666666666667 0.666666666666667 0.339552453454591 0.666666666666667 0 0.666666666666667 0 0.339552453454591 0.666666666666667 0 0 0.666666666666667
171 0.267910490690918 0 0 0 0.666666666666667 0 0.339552453454591 0 0 0.666666666666667 0.339552453454591 0.339552453454591 0.666666666666667 0 0.666666666666667 0 0.339552453454591 0.666666666666667 0 0 0.666666666666667
172 0.267910490690918 0 0 0 0.666666666666667 0 0.339552453454591 0 0 0.666666666666667 0.339552453454591 0.339552453454591 0.666666666666667 0 0.666666666666667 0 0.339552453454591 0.666666666666667 0 0 0.666666666666667
173 0.267910490690918 0 0 0 0.666666666666667 0 0.339552453454591 0 0 0.666666666666667 0.339552453454591 0.339552453454591 0.666666666666667 0 0.666666666666667 0 0.339552453454591 0.666666666666667 0 0 0.666666666666667
174 0.267910490690918 0 0 0 0.666666666666667 0 0.339552453454591 0 0 0.666666666666667 0.339552453454591 0.339552453454591 0.666666666666667 0 0.666666666666667 0 0.339552453454591 0.666666666666667 0 0 0.666666666666667
175 0.267910490690918 0 0 0 0.666666666666667 0 0.339552453454591 0 0 0.666666666666667 0.339552453454591 0.339552453454591 0.666666666666667 0 0.666666666666667 0 0.339552453454591 0.666666666666667 0 0 0.666666666666667
176 0.251554780030315 0 0 0 0.666666666666667 0 0.339552453454591 0 0 0.339552453454591 0.339552453454591 0.339552453454591 0.666666666666667 0 0.666666666666667 0 0.339552453454591 0.666666666666667 0 0 0.666666666666667
177 0.251554780030315 0 0 0 0.666666666666667 0 0.339552453454591 0 0 0.339552453454591 0.339552453454591 0.339552453454591 0.666666666666667 0 0.666666666666667 0 0.339552453454591 0.666666666666667 0 0 0.666666666666667
178 0.251554780030315 0 0 0 0.666666666666667 0 0.339552453454591 0 0 0.339552453454591 0.339552453454591 0.339552453454591 0.666666666666667 0 0.666666666666667 0 0.339552453454591 0.666666666666667 0 0 0.666666666666667
179 0.235199069369711 0 0 0 0.666666666666667 0 0.339552453454591 0 0 0.339552453454591 0.339552453454591 0.339552453454591 0.666666666666667 0 0.666666666666667 0 0.339552453454591 0.666666666666667 0 0 0.339552453454591
180 0.235199069369711 0 0 0 0.666666666666667 0 0.339552453454591 0 0 0.339552453454591 0.339552453454591 0.339552453454591 0.666666666666667 0 0.666666666666667 0 0.339552453454591 0.666666666666667 0 0 0.339552453454591
181 0.235199069369711 0 0 0 0.666666666666667 0 0.339552453454591 0 0 0.339552453454591 0.339552453454591 0.339552453454591 0.666666666666667 0 0.666666666666667 0 0.339552453454591 0.666666666666667 0 0 0.339552453454591
182 0.235199069369711 0 0 0 0.666666666666667 0 0.339552453454591 0 0 0.339552453454591 0.339552453454591 0.339552453454591 0.666666666666667 0 0.666666666666667 0 0.339552453454591 0.666666666666667 0 0 0.339552453454591
183 0.234888113363648 0 0 0 0.666666666666667 0 0.339552453454591 0 0 0.333333333333334 0.339552453454591 0.339552453454591 0.666666666666667 0 0.666666666666667 0 0.339552453454591 0.666666666666667 0 0 0.339552453454591
184 0.234888113363648 0 0 0 0.666666666666667 0 0.339552453454591 0 0 0.333333333333334 0.339552453454591 0.339552453454591 0.666666666666667 0 0.666666666666667 0 0.339552453454591 0.666666666666667 0 0 0.339552453454591
185 0.234888113363648 0 0 0 0.666666666666667 0 0.339552453454591 0 0 0.333333333333334 0.339552453454591 0.339552453454591 0.666666666666667 0 0.666666666666667 0 0.339552453454591 0.666666666666667 0 0 0.339552453454591
186 0.234888113363648 0 0 0 0.666666666666667 0 0.339552453454591 0 0 0.333333333333334 0.339552453454591 0.339552453454591 0.666666666666667 0 0.666666666666667 0 0.339552453454591 0.666666666666667 0 0 0.339552453454591
187 0.234577157357585 0 0 0 0.666666666666667 0 0.333333333333334 0 0 0.333333333333334 0.339552453454591 0.339552453454591 0.666666666666667 0 0.666666666666667 0 0.339552453454591 0.666666666666667 0 0 0.339552453454591
188 0.217910490690918 0 0 0 0.666666666666667 0 0.333333333333334 0 0 0 0.339552453454591 0.339552453454591 0.666666666666667 0 0.666666666666667 0 0.339552453454591 0.666666666666667 0 0 0.339552453454591
189 0.184266201351522 0 0 0 0.666666666666667 0 0 0 0 0 0.339552453454591 0.339552453454591 0.666666666666667 0 0.666666666666667 0 0 0.666666666666667 0 0 0.339552453454591
190 0.167288578678792 0 0 0 0.666666666666667 0 0 0 0 0 0.339552453454591 0 0.666666666666667 0 0.666666666666667 0 0 0.666666666666667 0 0 0.339552453454591
191 0.167288578678792 0 0 0 0.666666666666667 0 0 0 0 0 0.339552453454591 0 0.666666666666667 0 0.666666666666667 0 0 0.666666666666667 0 0 0.339552453454591
192 0.167288578678792 0 0 0 0.666666666666667 0 0 0 0 0 0.339552453454591 0 0.666666666666667 0 0.666666666666667 0 0 0.666666666666667 0 0 0.339552453454591
193 0.167288578678792 0 0 0 0.666666666666667 0 0 0 0 0 0.339552453454591 0 0.666666666666667 0 0.666666666666667 0 0 0.666666666666667 0 0 0.339552453454591
194 0.167288578678792 0 0 0 0.666666666666667 0 0 0 0 0 0.339552453454591 0 0.666666666666667 0 0.666666666666667 0 0 0.666666666666667 0 0 0.339552453454591
195 0.11697762267273 0 0 0 0.666666666666667 0 0 0 0 0 0.339552453454591 0 0.666666666666667 0 0.666666666666667 0 0 0 0 0 0
196 0.11697762267273 0 0 0 0.666666666666667 0 0 0 0 0 0.339552453454591 0 0.666666666666667 0 0.666666666666667 0 0 0 0 0 0
197 0.11697762267273 0 0 0 0.666666666666667 0 0 0 0 0 0.339552453454591 0 0.666666666666667 0 0.666666666666667 0 0 0 0 0 0
198 0.11697762267273 0 0 0 0.666666666666667 0 0 0 0 0 0.339552453454591 0 0.666666666666667 0 0.666666666666667 0 0 0 0 0 0
199 0.11697762267273 0 0 0 0.666666666666667 0 0 0 0 0 0.339552453454591 0 0.666666666666667 0 0.666666666666667 0 0 0 0 0 0
200 0.11697762267273 0 0 0 0.666666666666667 0 0 0 0 0 0.339552453454591 0 0.666666666666667 0 0.666666666666667 0 0 0 0 0 0
201 0.100621912012126 0 0 0 0.666666666666667 0 0 0 0 0 0.339552453454591 0 0.339552453454591 0 0.666666666666667 0 0 0 0 0 0
202 0.100621912012126 0 0 0 0.666666666666667 0 0 0 0 0 0.339552453454591 0 0.339552453454591 0 0.666666666666667 0 0 0 0 0 0
203 0.100621912012126 0 0 0 0.666666666666667 0 0 0 0 0 0.339552453454591 0 0.339552453454591 0 0.666666666666667 0 0 0 0 0 0
204 0.100621912012126 0 0 0 0.666666666666667 0 0 0 0 0 0.339552453454591 0 0.339552453454591 0 0.666666666666667 0 0 0 0 0 0
205 0.100621912012126 0 0 0 0.666666666666667 0 0 0 0 0 0.339552453454591 0 0.339552453454591 0 0.666666666666667 0 0 0 0 0 0
206 0.100621912012126 0 0 0 0.666666666666667 0 0 0 0 0 0.339552453454591 0 0.339552453454591 0 0.666666666666667 0 0 0 0 0 0
207 0.0836442893393962 0 0 0 0.666666666666667 0 0 0 0 0 0 0 0.339552453454591 0 0.666666666666667 0 0 0 0 0 0
208 0.0836442893393962 0 0 0 0.666666666666667 0 0 0 0 0 0 0 0.339552453454591 0 0.666666666666667 0 0 0 0 0 0
209 0.0836442893393962 0 0 0 0.666666666666667 0 0 0 0 0 0 0 0.339552453454591 0 0.666666666666667 0 0 0 0 0 0
210 0.0836442893393962 0 0 0 0.666666666666667 0 0 0 0 0 0 0 0.339552453454591 0 0.666666666666667 0 0 0 0 0 0
211 0.0836442893393962 0 0 0 0.666666666666667 0 0 0 0 0 0 0 0.339552453454591 0 0.666666666666667 0 0 0 0 0 0
212 0.0836442893393962 0 0 0 0.666666666666667 0 0 0 0 0 0 0 0.339552453454591 0 0.666666666666667 0 0 0 0 0 0
213 0.0836442893393962 0 0 0 0.666666666666667 0 0 0 0 0 0 0 0.339552453454591 0 0.666666666666667 0 0 0 0 0 0
214 0.0836442893393962 0 0 0 0.666666666666667 0 0 0 0 0 0 0 0.339552453454591 0 0.666666666666667 0 0 0 0 0 0
215 0.0666666666666667 0 0 0 0.666666666666667 0 0 0 0 0 0 0 0 0 0.666666666666667 0 0 0 0 0 0
216 0.0666666666666667 0 0 0 0.666666666666667 0 0 0 0 0 0 0 0 0 0.666666666666667 0 0 0 0 0 0
217 0.0666666666666667 0 0 0 0.666666666666667 0 0 0 0 0 0 0 0 0 0.666666666666667 0 0 0 0 0 0
218 0.0666666666666667 0 0 0 0.666666666666667 0 0 0 0 0 0 0 0 0 0.666666666666667 0 0 0 0 0 0
219 0.0666666666666667 0 0 0 0.666666666666667 0 0 0 0 0 0 0 0 0 0.666666666666667 0 0 0 0 0 0
220 0.0666666666666667 0 0 0 0.666666666666667 0 0 0 0 0 0 0 0 0 0.666666666666667 0 0 0 0 0 0
221 0.0666666666666667 0 0 0 0.666666666666667 0 0 0 0 0 0 0 0 0 0.666666666666667 0 0 0 0 0 0
222 0.0666666666666667 0 0 0 0.666666666666667 0 0 0 0 0 0 0 0 0 0.666666666666667 0 0 0 0 0 0
223 0.0503109560060629 0 0 0 0.339552453454591 0 0 0 0 0 0 0 0 0 0.666666666666667 0 0 0 0 0 0
224 0.0503109560060629 0 0 0 0.339552453454591 0 0 0 0 0 0 0 0 0 0.666666666666667 0 0 0 0 0 0
225 0.0503109560060629 0 0 0 0.339552453454591 0 0 0 0 0 0 0 0 0 0.666666666666667 0 0 0 0 0 0
226 0.0503109560060629 0 0 0 0.339552453454591 0 0 0 0 0 0 0 0 0 0.666666666666667 0 0 0 0 0 0
227 0.0503109560060629 0 0 0 0.339552453454591 0 0 0 0 0 0 0 0 0 0.666666666666667 0 0 0 0 0 0
228 0.0503109560060629 0 0 0 0.339552453454591 0 0 0 0 0 0 0 0 0 0.666666666666667 0 0 0 0 0 0
229 0.0503109560060629 0 0 0 0.339552453454591 0 0 0 0 0 0 0 0 0 0.666666666666667 0 0 0 0 0 0
230 0.0503109560060629 0 0 0 0.339552453454591 0 0 0 0 0 0 0 0 0 0.666666666666667 0 0 0 0 0 0
231 0.0503109560060629 0 0 0 0.339552453454591 0 0 0 0 0 0 0 0 0 0.666666666666667 0 0 0 0 0 0
232 0.0503109560060629 0 0 0 0.339552453454591 0 0 0 0 0 0 0 0 0 0.666666666666667 0 0 0 0 0 0
233 0.0503109560060629 0 0 0 0.339552453454591 0 0 0 0 0 0 0 0 0 0.666666666666667 0 0 0 0 0 0
234 0.0503109560060629 0 0 0 0.339552453454591 0 0 0 0 0 0 0 0 0 0.666666666666667 0 0 0 0 0 0
235 0.0503109560060629 0 0 0 0.339552453454591 0 0 0 0 0 0 0 0 0 0.666666666666667 0 0 0 0 0 0
236 0.0503109560060629 0 0 0 0.339552453454591 0 0 0 0 0 0 0 0 0 0.666666666666667 0 0 0 0 0 0
237 0.0503109560060629 0 0 0 0.339552453454591 0 0 0 0 0 0 0 0 0 0.666666666666667 0 0 0 0 0 0
238 0.0503109560060629 0 0 0 0.339552453454591 0 0 0 0 0 0 0 0 0 0.666666666666667 0 0 0 0 0 0
239 0.0503109560060629 0 0 0 0.339552453454591 0 0 0 0 0 0 0 0 0 0.666666666666667 0 0 0 0 0 0
240 0.0503109560060629 0 0 0 0.339552453454591 0 0 0 0 0 0 0 0 0 0.666666666666667 0 0 0 0 0 0
241 0.0503109560060629 0 0 0 0.339552453454591 0 0 0 0 0 0 0 0 0 0.666666666666667 0 0 0 0 0 0
242 0.0503109560060629 0 0 0 0.339552453454591 0 0 0 0 0 0 0 0 0 0.666666666666667 0 0 0 0 0 0
243 0.0503109560060629 0 0 0 0.339552453454591 0 0 0 0 0 0 0 0 0 0.666666666666667 0 0 0 0 0 0
244 0.0503109560060629 0 0 0 0.339552453454591 0 0 0 0 0 0 0 0 0 0.666666666666667 0 0 0 0 0 0
245 0.0503109560060629 0 0 0 0.339552453454591 0 0 0 0 0 0 0 0 0 0.666666666666667 0 0 0 0 0 0
246 0.0503109560060629 0 0 0 0.339552453454591 0 0 0 0 0 0 0 0 0 0.666666666666667 0 0 0 0 0 0
247 0.0503109560060629 0 0 0 0.339552453454591 0 0 0 0 0 0 0 0 0 0.666666666666667 0 0 0 0 0 0
248 0.0503109560060629 0 0 0 0.339552453454591 0 0 0 0 0 0 0 0 0 0.666666666666667 0 0 0 0 0 0
249 0.0503109560060629 0 0 0 0.339552453454591 0 0 0 0 0 0 0 0 0 0.666666666666667 0 0 0 0 0 0
250 0.0503109560060629 0 0 0 0.339552453454591 0 0 0 0 0 0 0 0 0 0.666666666666667 0 0 0 0 0 0
251 0.0503109560060629 0 0 0 0.339552453454591 0 0 0 0 0 0 0 0 0 0.666666666666667 0 0 0 0 0 0
252 0.0503109560060629 0 0 0 0.339552453454591 0 0 0 0 0 0 0 0 0 0.666666666666667 0 0 0 0 0 0
253 0.0503109560060629 0 0 0 0.339552453454591 0 0 0 0 0 0 0 0 0 0.666666666666667 0 0 0 0 0 0
254 0.0333333333333333 0 0 0 0 0 0 0 0 0 0 0 0 0 0.666666666666667 0 0 0 0 0 0
255 0.0333333333333333 0 0 0 0 0 0 0 0 0 0 0 0 0 0.666666666666667 0 0 0 0 0 0
256 0.0333333333333333 0 0 0 0 0 0 0 0 0 0 0 0 0 0.666666666666667 0 0 0 0 0 0
257 0.0333333333333333 0 0 0 0 0 0 0 0 0 0 0 0 0 0.666666666666667 0 0 0 0 0 0
258 0.0333333333333333 0 0 0 0 0 0 0 0 0 0 0 0 0 0.666666666666667 0 0 0 0 0 0
259 0.0333333333333333 0 0 0 0 0 0 0 0 0 0 0 0 0 0.666666666666667 0 0 0 0 0 0
260 0.0333333333333333 0 0 0 0 0 0 0 0 0 0 0 0 0 0.666666666666667 0 0 0 0 0 0
261 0.0333333333333333 0 0 0 0 0 0 0 0 0 0 0 0 0 0.666666666666667 0 0 0 0 0 0
262 0.0333333333333333 0 0 0 0 0 0 0 0 0 0 0 0 0 0.666666666666667 0 0 0 0 0 0
263 0.0333333333333333 0 0 0 0 0 0 0 0 0 0 0 0 0 0.666666666666667 0 0 0 0 0 0
264 0.0333333333333333 0 0 0 0 0 0 0 0 0 0 0 0 0 0.666666666666667 0 0 0 0 0 0
265 0.0333333333333333 0 0 0 0 0 0 0 0 0 0 0 0 0 0.666666666666667 0 0 0 0 0 0
266 0.0333333333333333 0 0 0 0 0 0 0 0 0 0 0 0 0 0.666666666666667 0 0 0 0 0 0
267 0.0333333333333333 0 0 0 0 0 0 0 0 0 0 0 0 0 0.666666666666667 0 0 0 0 0 0
268 0.0333333333333333 0 0 0 0 0 0 0 0 0 0 0 0 0 0.666666666666667 0 0 0 0 0 0
269 0.0333333333333333 0 0 0 0 0 0 0 0 0 0 0 0 0 0.666666666666667 0 0 0 0 0 0
270 0.0333333333333333 0 0 0 0 0 0 0 0 0 0 0 0 0 0.666666666666667 0 0 0 0 0 0
271 0.0333333333333333 0 0 0 0 0 0 0 0 0 0 0 0 0 0.666666666666667 0 0 0 0 0 0
272 0.0333333333333333 0 0 0 0 0 0 0 0 0 0 0 0 0 0.666666666666667 0 0 0 0 0 0
273 0.0333333333333333 0 0 0 0 0 0 0 0 0 0 0 0 0 0.666666666666667 0 0 0 0 0 0
274 0.0333333333333333 0 0 0 0 0 0 0 0 0 0 0 0 0 0.666666666666667 0 0 0 0 0 0
275 0.0333333333333333 0 0 0 0 0 0 0 0 0 0 0 0 0 0.666666666666667 0 0 0 0 0 0
276 0.0333333333333333 0 0 0 0 0 0 0 0 0 0 0 0 0 0.666666666666667 0 0 0 0 0 0
277 0.0333333333333333 0 0 0 0 0 0 0 0 0 0 0 0 0 0.666666666666667 0 0 0 0 0 0
278 0.0333333333333333 0 0 0 0 0 0 0 0 0 0 0 0 0 0.666666666666667 0 0 0 0 0 0
279 0.0333333333333333 0 0 0 0 0 0 0 0 0 0 0 0 0 0.666666666666667 0 0 0 0 0 0
280 0.0333333333333333 0 0 0 0 0 0 0 0 0 0 0 0 0 0.666666666666667 0 0 0 0 0 0
281 0.0333333333333333 0 0 0 0 0 0 0 0 0 0 0 0 0 0.666666666666667 0 0 0 0 0 0
282 0.0333333333333333 0 0 0 0 0 0 0 0 0 0 0 0 0 0.666666666666667 0 0 0 0 0 0
283 0.0333333333333333 0 0 0 0 0 0 0 0 0 0 0 0 0 0.666666666666667 0 0 0 0 0 0
284 0.0333333333333333 0 0 0 0 0 0 0 0 0 0 0 0 0 0.666666666666667 0 0 0 0 0 0
285 0.0333333333333333 0 0 0 0 0 0 0 0 0 0 0 0 0 0.666666666666667 0 0 0 0 0 0
286 0.0333333333333333 0 0 0 0 0 0 0 0 0 0 0 0 0 0.666666666666667 0 0 0 0 0 0
287 0.0333333333333333 0 0 0 0 0 0 0 0 0 0 0 0 0 0.666666666666667 0 0 0 0 0 0
288 0.0333333333333333 0 0 0 0 0 0 0 0 0 0 0 0 0 0.666666666666667 0 0 0 0 0 0
289 0.0333333333333333 0 0 0 0 0 0 0 0 0 0 0 0 0 0.666666666666667 0 0 0 0 0 0
290 0.0333333333333333 0 0 0 0 0 0 0 0 0 0 0 0 0 0.666666666666667 0 0 0 0 0 0
291 0.0333333333333333 0 0 0 0 0 0 0 0 0 0 0 0 0 0.666666666666667 0 0 0 0 0 0
292 0.0333333333333333 0 0 0 0 0 0 0 0 0 0 0 0 0 0.666666666666667 0 0 0 0 0 0
293 0.0333333333333333 0 0 0 0 0 0 0 0 0 0 0 0 0 0.666666666666667 0 0 0 0 0 0
294 0.0333333333333333 0 0 0 0 0 0 0 0 0 0 0 0 0 0.666666666666667 0 0 0 0 0 0
295 0.0333333333333333 0 0 0 0 0 0 0 0 0 0 0 0 0 0.666666666666667 0 0 0 0 0 0
296 0.0333333333333333 0 0 0 0 0 0 0 0 0 0 0 0 0 0.666666666666667 0 0 0 0 0 0
297 0.0333333333333333 0 0 0 0 0 0 0 0 0 0 0 0 0 0.666666666666667 0 0 0 0 0 0
298 0.0333333333333333 0 0 0 0 0 0 0 0 0 0 0 0 0 0.666666666666667 0 0 0 0 0 0
299 0.0333333333333333 0 0 0 0 0 0 0 0 0 0 0 0 0 0.666666666666667 0 0 0 0 0 0
300 0.0333333333333333 0 0 0 0 0 0 0 0 0 0 0 0 0 0.666666666666667 0 0 0 0 0 0
301 0.0333333333333333 0 0 0 0 0 0 0 0 0 0 0 0 0 0.666666666666667 0 0 0 0 0 0
302 0.0333333333333333 0 0 0 0 0 0 0 0 0 0 0 0 0 0.666666666666667 0 0 0 0 0 0
303 0.0333333333333333 0 0 0 0 0 0 0 0 0 0 0 0 0 0.666666666666667 0 0 0 0 0 0
304 0.0333333333333333 0 0 0 0 0 0 0 0 0 0 0 0 0 0.666666666666667 0 0 0 0 0 0
305 0.0333333333333333 0 0 0 0 0 0 0 0 0 0 0 0 0 0.666666666666667 0 0 0 0 0 0
306 0.0333333333333333 0 0 0 0 0 0 0 0 0 0 0 0 0 0.666666666666667 0 0 0 0 0 0
307 0.0333333333333333 0 0 0 0 0 0 0 0 0 0 0 0 0 0.666666666666667 0 0 0 0 0 0
308 0.0333333333333333 0 0 0 0 0 0 0 0 0 0 0 0 0 0.666666666666667 0 0 0 0 0 0
309 0.0333333333333333 0 0 0 0 0 0 0 0 0 0 0 0 0 0.666666666666667 0 0 0 0 0 0
310 0.0333333333333333 0 0 0 0 0 0 0 0 0 0 0 0 0 0.666666666666667 0 0 0 0 0 0
311 0.0333333333333333 0 0 0 0 0 0 0 0 0 0 0 0 0 0.666666666666667 0 0 0 0 0 0
312 0.0333333333333333 0 0 0 0 0 0 0 0 0 0 0 0 0 0.666666666666667 0 0 0 0 0 0
313 0.0333333333333333 0 0 0 0 0 0 0 0 0 0 0 0 0 0.666666666666667 0 0 0 0 0 0
314 0.0333333333333333 0 0 0 0 0 0 0 0 0 0 0 0 0 0.666666666666667 0 0 0 0 0 0
315 0.0333333333333333 0 0 0 0 0 0 0 0 0 0 0 0 0 0.666666666666667 0 0 0 0 0 0
316 0.0333333333333333 0 0 0 0 0 0 0 0 0 0 0 0 0 0.666666666666667 0 0 0 0 0 0
317 0.0333333333333333 0 0 0 0 0 0 0 0 0 0 0 0 0 0.666666666666667 0 0 0 0 0 0
318 0.0333333333333333 0 0 0 0 0 0 0 0 0 0 0 0 0 0.666666666666667 0 0 0 0 0 0
319 0.0333333333333333 0 0 0 0 0 0 0 0 0 0 0 0 0 0.666666666666667 0 0 0 0 0 0
320 0.0333333333333333 0 0 0 0 0 0 0 0 0 0 0 0 0 0.666666666666667 0 0 0 0 0 0
321 0.0333333333333333 0 0 0 0 0 0 0 0 0 0 0 0 0 0.666666666666667 0 0 0 0 0 0
322 0.0333333333333333 0 0 0 0 0 0 0 0 0 0 0 0 0 0.666666666666667 0 0 0 0 0 0
323 0.0333333333333333 0 0 0 0 0 0 0 0 0 0 0 0 0 0.666666666666667 0 0 0 0 0 0
324 0.0333333333333333 0 0 0 0 0 0 0 0 0 0 0 0 0 0.666666666666667 0 0 0 0 0 0
325 0.0333333333333333 0 0 0 0 0 0 0 0 0 0 0 0 0 0.666666666666667 0 0 0 0 0 0
326 0.0333333333333333 0 0 0 0 0 0 0 0 0 0 0 0 0 0.666666666666667 0 0 0 0 0 0
327 0.0333333333333333 0 0 0 0 0 0 0 0 0 0 0 0 0 0.666666666666667 0 0 0 0 0 0
328 0.0333333333333333 0 0 0 0 0 0 0 0 0 0 0 0 0 0.666666666666667 0 0 0 0 0 0
329 0.0333333333333333 0 0 0 0 0 0 0 0 0 0 0 0 0 0.666666666666667 0 0 0 0 0 0
330 0.0333333333333333 0 0 0 0 0 0 0 0 0 0 0 0 0 0.666666666666667 0 0 0 0 0 0
331 0.0333333333333333 0 0 0 0 0 0 0 0 0 0 0 0 0 0.666666666666667 0 0 0 0 0 0
332 0.0333333333333333 0 0 0 0 0 0 0 0 0 0 0 0 0 0.666666666666667 0 0 0 0 0 0
333 0.0333333333333333 0 0 0 0 0 0 0 0 0 0 0 0 0 0.666666666666667 0 0 0 0 0 0
334 0.0333333333333333 0 0 0 0 0 0 0 0 0 0 0 0 0 0.666666666666667 0 0 0 0 0 0
335 0.0333333333333333 0 0 0 0 0 0 0 0 0 0 0 0 0 0.666666666666667 0 0 0 0 0 0
336 0.0333333333333333 0 0 0 0 0 0 0 0 0 0 0 0 0 0.666666666666667 0 0 0 0 0 0
337 0.0333333333333333 0 0 0 0 0 0 0 0 0 0 0 0 0 0.666666666666667 0 0 0 0 0 0
338 0.0333333333333333 0 0 0 0 0 0 0 0 0 0 0 0 0 0.666666666666667 0 0 0 0 0 0
339 0.0333333333333333 0 0 0 0 0 0 0 0 0 0 0 0 0 0.666666666666667 0 0 0 0 0 0
340 0.0333333333333333 0 0 0 0 0 0 0 0 0 0 0 0 0 0.666666666666667 0 0 0 0 0 0
341 0.0333333333333333 0 0 0 0 0 0 0 0 0 0 0 0 0 0.666666666666667 0 0 0 0 0 0
342 0.0333333333333333 0 0 0 0 0 0 0 0 0 0 0 0 0 0.666666666666667 0 0 0 0 0 0
343 0.0333333333333333 0 0 0 0 0 0 0 0 0 0 0 0 0 0.666666666666667 0 0 0 0 0 0
344 0.0333333333333333 0 0 0 0 0 0 0 0 0 0 0 0 0 0.666666666666667 0 0 0 0 0 0
345 0.0333333333333333 0 0 0 0 0 0 0 0 0 0 0 0 0 0.666666666666667 0 0 0 0 0 0
346 0.0333333333333333 0 0 0 0 0 0 0 0 0 0 0 0 0 0.666666666666667 0 0 0 0 0 0
347 0.0333333333333333 0 0 0 0 0 0 0 0 0 0 0 0 0 0.666666666666667 0 0 0 0 0 0
348 0.0333333333333333 0 0 0 0 0 0 0 0 0 0 0 0 0 0.666666666666667 0 0 0 0 0 0
349 0.0333333333333333 0 0 0 0 0 0 0 0 0 0 0 0 0 0.666666666666667 0 0 0 0 0 0
350 0.0333333333333333 0 0 0 0 0 0 0 0 0 0 0 0 0 0.666666666666667 0 0 0 0 0 0
351 0.0333333333333333 0 0 0 0 0 0 0 0 0 0 0 0 0 0.666666666666667 0 0 0 0 0 0
352 0.0333333333333333 0 0 0 0 0 0 0 0 0 0 0 0 0 0.666666666666667 0 0 0 0 0 0
353 0.0333333333333333 0 0 0 0 0 0 0 0 0 0 0 0 0 0.666666666666667 0 0 0 0 0 0
354 0.0333333333333333 0 0 0 0 0 0 0 0 0 0 0 0 0 0.666666666666667 0 0 0 0 0 0
355 0.0333333333333333 0 0 0 0 0 0 0 0 0 0 0 0 0 0.666666666666667 0 0 0 0 0 0
356 0.0333333333333333 0 0 0 0 0 0 0 0 0 0 0 0 0 0.666666666666667 0 0 0 0 0 0
357 0.0333333333333333 0 0 0 0 0 0 0 0 0 0 0 0 0 0.666666666666667 0 0 0 0 0 0
358 0.0333333333333333 0 0 0 0 0 0 0 0 0 0 0 0 0 0.666666666666667 0 0 0 0 0 0
359 0.0333333333333333 0 0 0 0 0 0 0 0 0 0 0 0 0 0.666666666666667 0 0 0 0 0 0
360 0.0333333333333333 0 0 0 0 0 0 0 0 0 0 0 0 0 0.666666666666667 0 0 0 0 0 0
361 0.0333333333333333 0 0 0 0 0 0 0 0 0 0 0 0 0 0.666666666666667 0 0 0 0 0 0
362 0.0333333333333333 0 0 0 0 0 0 0 0 0 0 0 0 0 0.666666666666667 0 0 0 0 0 0
363 0.0333333333333333 0 0 0 0 0 0 0 0 0 0 0 0 0 0.666666666666667 0 0 0 0 0 0
364 0.0333333333333333 0 0 0 0 0 0 0 0 0 0 0 0 0 0.666666666666667 0 0 0 0 0 0
365 0.0333333333333333 0 0 0 0 0 0 0 0 0 0 0 0 0 0.666666666666667 0 0 0 0 0 0
366 0.0333333333333333 0 0 0 0 0 0 0 0 0 0 0 0 0 0.666666666666667 0 0 0 0 0 0
367 0.0333333333333333 0 0 0 0 0 0 0 0 0 0 0 0 0 0.666666666666667 0 0 0 0 0 0
368 0.0333333333333333 0 0 0 0 0 0 0 0 0 0 0 0 0 0.666666666666667 0 0 0 0 0 0
369 0.0333333333333333 0 0 0 0 0 0 0 0 0 0 0 0 0 0.666666666666667 0 0 0 0 0 0
370 0.0333333333333333 0 0 0 0 0 0 0 0 0 0 0 0 0 0.666666666666667 0 0 0 0 0 0
371 0.0333333333333333 0 0 0 0 0 0 0 0 0 0 0 0 0 0.666666666666667 0 0 0 0 0 0
372 0.0333333333333333 0 0 0 0 0 0 0 0 0 0 0 0 0 0.666666666666667 0 0 0 0 0 0
373 0.0333333333333333 0 0 0 0 0 0 0 0 0 0 0 0 0 0.666666666666667 0 0 0 0 0 0
374 0.0333333333333333 0 0 0 0 0 0 0 0 0 0 0 0 0 0.666666666666667 0 0 0 0 0 0
375 0.0333333333333333 0 0 0 0 0 0 0 0 0 0 0 0 0 0.666666666666667 0 0 0 0 0 0
376 0.0333333333333333 0 0 0 0 0 0 0 0 0 0 0 0 0 0.666666666666667 0 0 0 0 0 0
377 0.0333333333333333 0 0 0 0 0 0 0 0 0 0 0 0 0 0.666666666666667 0 0 0 0 0 0
378 0.0333333333333333 0 0 0 0 0 0 0 0 0 0 0 0 0 0.666666666666667 0 0 0 0 0 0
379 0.0333333333333333 0 0 0 0 0 0 0 0 0 0 0 0 0 0.666666666666667 0 0 0 0 0 0
380 0.0333333333333333 0 0 0 0 0 0 0 0 0 0 0 0 0 0.666666666666667 0 0 0 0 0 0
381 0.0333333333333333 0 0 0 0 0 0 0 0 0 0 0 0 0 0.666666666666667 0 0 0 0 0 0
382 0.0333333333333333 0 0 0 0 0 0 0 0 0 0 0 0 0 0.666666666666667 0 0 0 0 0 0
383 0.0333333333333333 0 0 0 0 0 0 0 0 0 0 0 0 0 0.666666666666667 0 0 0 0 0 0
384 0.0333333333333333 0 0 0 0 0 0 0 0 0 0 0 0 0 0.666666666666667 0 0 0 0 0 0
385 0.0333333333333333 0 0 0 0 0 0 0 0 0 0 0 0 0 0.666666666666667 0 0 0 0 0 0
386 0.0333333333333333 0 0 0 0 0 0 0 0 0 0 0 0 0 0.666666666666667 0 0 0 0 0 0
387 0.0333333333333333 0 0 0 0 0 0 0 0 0 0 0 0 0 0.666666666666667 0 0 0 0 0 0
388 0.0333333333333333 0 0 0 0 0 0 0 0 0 0 0 0 0 0.666666666666667 0 0 0 0 0 0
389 0.0333333333333333 0 0 0 0 0 0 0 0 0 0 0 0 0 0.666666666666667 0 0 0 0 0 0
390 0.0333333333333333 0 0 0 0 0 0 0 0 0 0 0 0 0 0.666666666666667 0 0 0 0 0 0
391 0.0333333333333333 0 0 0 0 0 0 0 0 0 0 0 0 0 0.666666666666667 0 0 0 0 0 0
392 0.0333333333333333 0 0 0 0 0 0 0 0 0 0 0 0 0 0.666666666666667 0 0 0 0 0 0
393 0.0333333333333333 0 0 0 0 0 0 0 0 0 0 0 0 0 0.666666666666667 0 0 0 0 0 0
394 0.0333333333333333 0 0 0 0 0 0 0 0 0 0 0 0 0 0.666666666666667 0 0 0 0 0 0
395 0.0333333333333333 0 0 0 0 0 0 0 0 0 0 0 0 0 0.666666666666667 0 0 0 0 0 0
396 0.0333333333333333 0 0 0 0 0 0 0 0 0 0 0 0 0 0.666666666666667 0 0 0 0 0 0
397 0.0333333333333333 0 0 0 0 0 0 0 0 0 0 0 0 0 0.666666666666667 0 0 0 0 0 0
398 0.0333333333333333 0 0 0 0 0 0 0 0 0 0 0 0 0 0.666666666666667 0 0 0 0 0 0
399 0.0333333333333333 0 0 0 0 0 0 0 0 0 0 0 0 0 0.666666666666667 0 0 0 0 0 0
400 0.0333333333333333 0 0 0 0 0 0 0 0 0 0 0 0 0 0.666666666666667 0 0 0 0 0 0
401 0.0333333333333333 0 0 0 0 0 0 0 0 0 0 0 0 0 0.666666666666667 0 0 0 0 0 0
402 0.0333333333333333 0 0 0 0 0 0 0 0 0 0 0 0 0 0.666666666666667 0 0 0 0 0 0
403 0.0333333333333333 0 0 0 0 0 0 0 0 0 0 0 0 0 0.666666666666667 0 0 0 0 0 0
404 0.0333333333333333 0 0 0 0 0 0 0 0 0 0 0 0 0 0.666666666666667 0 0 0 0 0 0
405 0.0333333333333333 0 0 0 0 0 0 0 0 0 0 0 0 0 0.666666666666667 0 0 0 0 0 0
406 0.0333333333333333 0 0 0 0 0 0 0 0 0 0 0 0 0 0.666666666666667 0 0 0 0 0 0
407 0.0333333333333333 0 0 0 0 0 0 0 0 0 0 0 0 0 0.666666666666667 0 0 0 0 0 0
408 0.0333333333333333 0 0 0 0 0 0 0 0 0 0 0 0 0 0.666666666666667 0 0 0 0 0 0
409 0.0333333333333333 0 0 0 0 0 0 0 0 0 0 0 0 0 0.666666666666667 0 0 0 0 0 0
410 0.0333333333333333 0 0 0 0 0 0 0 0 0 0 0 0 0 0.666666666666667 0 0 0 0 0 0
411 0.0333333333333333 0 0 0 0 0 0 0 0 0 0 0 0 0 0.666666666666667 0 0 0 0 0 0
412 0.0333333333333333 0 0 0 0 0 0 0 0 0 0 0 0 0 0.666666666666667 0 0 0 0 0 0
413 0.0333333333333333 0 0 0 0 0 0 0 0 0 0 0 0 0 0.666666666666667 0 0 0 0 0 0
414 0.0333333333333333 0 0 0 0 0 0 0 0 0 0 0 0 0 0.666666666666667 0 0 0 0 0 0
415 0.0333333333333333 0 0 0 0 0 0 0 0 0 0 0 0 0 0.666666666666667 0 0 0 0 0 0
416 0.0333333333333333 0 0 0 0 0 0 0 0 0 0 0 0 0 0.666666666666667 0 0 0 0 0 0
417 0.0333333333333333 0 0 0 0 0 0 0 0 0 0 0 0 0 0.666666666666667 0 0 0 0 0 0
418 0.0333333333333333 0 0 0 0 0 0 0 0 0 0 0 0 0 0.666666666666667 0 0 0 0 0 0
419 0.0333333333333333 0 0 0 0 0 0 0 0 0 0 0 0 0 0.666666666666667 0 0 0 0 0 0
420 0.0333333333333333 0 0 0 0 0 0 0 0 0 0 0 0 0 0.666666666666667 0 0 0 0 0 0
421 0.0333333333333333 0 0 0 0 0 0 0 0 0 0 0 0 0 0.666666666666667 0 0 0 0 0 0
422 0.0333333333333333 0 0 0 0 0 0 0 0 0 0 0 0 0 0.666666666666667 0 0 0 0 0 0
423 0.0333333333333333 0 0 0 0 0 0 0 0 0 0 0 0 0 0.666666666666667 0 0 0 0 0 0
424 0.0333333333333333 0 0 0 0 0 0 0 0 0 0 0 0 0 0.666666666666667 0 0 0 0 0 0
425 0.0333333333333333 0 0 0 0 0 0 0 0 0 0 0 0 0 0.666666666666667 0 0 0 0 0 0
426 0.0333333333333333 0 0 0 0 0 0 0 0 0 0 0 0 0 0.666666666666667 0 0 0 0 0 0
427 0.0333333333333333 0 0 0 0 0 0 0 0 0 0 0 0 0 0.666666666666667 0 0 0 0 0 0
428 0.0333333333333333 0 0 0 0 0 0 0 0 0 0 0 0 0 0.666666666666667 0 0 0 0 0 0
429 0.0333333333333333 0 0 0 0 0 0 0 0 0 0 0 0 0 0.666666666666667 0 0 0 0 0 0
430 0.0333333333333333 0 0 0 0 0 0 0 0 0 0 0 0 0 0.666666666666667 0 0 0 0 0 0
431 0.0333333333333333 0 0 0 0 0 0 0 0 0 0 0 0 0 0.666666666666667 0 0 0 0 0 0
432 0.0333333333333333 0 0 0 0 0 0 0 0 0 0 0 0 0 0.666666666666667 0 0 0 0 0 0
433 0.0333333333333333 0 0 0 0 0 0 0 0 0 0 0 0 0 0.666666666666667 0 0 0 0 0 0
434 0.0333333333333333 0 0 0 0 0 0 0 0 0 0 0 0 0 0.666666666666667 0 0 0 0 0 0
435 0.0333333333333333 0 0 0 0 0 0 0 0 0 0 0 0 0 0.666666666666667 0 0 0 0 0 0
436 0.0333333333333333 0 0 0 0 0 0 0 0 0 0 0 0 0 0.666666666666667 0 0 0 0 0 0
437 0.0333333333333333 0 0 0 0 0 0 0 0 0 0 0 0 0 0.666666666666667 0 0 0 0 0 0
438 0.0333333333333333 0 0 0 0 0 0 0 0 0 0 0 0 0 0.666666666666667 0 0 0 0 0 0
439 0.0333333333333333 0 0 0 0 0 0 0 0 0 0 0 0 0 0.666666666666667 0 0 0 0 0 0
440 0.0333333333333333 0 0 0 0 0 0 0 0 0 0 0 0 0 0.666666666666667 0 0 0 0 0 0
441 0.0333333333333333 0 0 0 0 0 0 0 0 0 0 0 0 0 0.666666666666667 0 0 0 0 0 0
442 0.0333333333333333 0 0 0 0 0 0 0 0 0 0 0 0 0 0.666666666666667 0 0 0 0 0 0
443 0.0333333333333333 0 0 0 0 0 0 0 0 0 0 0 0 0 0.666666666666667 0 0 0 0 0 0
444 0.0333333333333333 0 0 0 0 0 0 0 0 0 0 0 0 0 0.666666666666667 0 0 0 0 0 0
445 0.0333333333333333 0 0 0 0 0 0 0 0 0 0 0 0 0 0.666666666666667 0 0 0 0 0 0
446 0.0333333333333333 0 0 0 0 0 0 0 0 0 0 0 0 0 0.666666666666667 0 0 0 0 0 0
447 0.0333333333333333 0 0 0 0 0 0 0 0 0 0 0 0 0 0.666666666666667 0 0 0 0 0 0
448 0.0333333333333333 0 0 0 0 0 0 0 0 0 0 0 0 0 0.666666666666667 0 0 0 0 0 0
449 0.0333333333333333 0 0 0 0 0 0 0 0 0 0 0 0 0 0.666666666666667 0 0 0 0 0 0
450 0.0333333333333333 0 0 0 0 0 0 0 0 0 0 0 0 0 0.666666666666667 0 0 0 0 0 0
451 0.0333333333333333 0 0 0 0 0 0 0 0 0 0 0 0 0 0.666666666666667 0 0 0 0 0 0
452 0.0333333333333333 0 0 0 0 0 0 0 0 0 0 0 0 0 0.666666666666667 0 0 0 0 0 0
453 0.0333333333333333 0 0 0 0 0 0 0 0 0 0 0 0 0 0.666666666666667 0 0 0 0 0 0
454 0.0333333333333333 0 0 0 0 0 0 0 0 0 0 0 0 0 0.666666666666667 0 0 0 0 0 0
455 0.0333333333333333 0 0 0 0 0 0 0 0 0 0 0 0 0 0.666666666666667 0 0 0 0 0 0
456 0.0333333333333333 0 0 0 0 0 0 0 0 0 0 0 0 0 0.666666666666667 0 0 0 0 0 0
457 0.0333333333333333 0 0 0 0 0 0 0 0 0 0 0 0 0 0.666666666666667 0 0 0 0 0 0
458 0.0333333333333333 0 0 0 0 0 0 0 0 0 0 0 0 0 0.666666666666667 0 0 0 0 0 0
459 0.0333333333333333 0 0 0 0 0 0 0 0 0 0 0 0 0 0.666666666666667 0 0 0 0 0 0
460 0.0333333333333333 0 0 0 0 0 0 0 0 0 0 0 0 0 0.666666666666667 0 0 0 0 0 0
461 0.0333333333333333 0 0 0 0 0 0 0 0 0 0 0 0 0 0.666666666666667 0 0 0 0 0 0
462 0.0333333333333333 0 0 0 0 0 0 0 0 0 0 0 0 0 0.666666666666667 0 0 0 0 0 0
463 0.0333333333333333 0 0 0 0 0 0 0 0 0 0 0 0 0 0.666666666666667 0 0 0 0 0 0
464 0.0333333333333333 0 0 0 0 0 0 0 0 0 0 0 0 0 0.666666666666667 0 0 0 0 0 0
465 0.0333333333333333 0 0 0 0 0 0 0 0 0 0 0 0 0 0.666666666666667 0 0 0 0 0 0
466 0.0333333333333333 0 0 0 0 0 0 0 0 0 0 0 0 0 0.666666666666667 0 0 0 0 0 0
467 0.0333333333333333 0 0 0 0 0 0 0 0 0 0 0 0 0 0.666666666666667 0 0 0 0 0 0
468 0.0333333333333333 0 0 0 0 0 0 0 0 0 0 0 0 0 0.666666666666667 0 0 0 0 0 0
469 0.0333333333333333 0 0 0 0 0 0 0 0 0 0 0 0 0 0.666666666666667 0 0 0 0 0 0
470 0.0333333333333333 0 0 0 0 0 0 0 0 0 0 0 0 0 0.666666666666667 0 0 0 0 0 0
471 0.0333333333333333 0 0 0 0 0 0 0 0 0 0 0 0 0 0.666666666666667 0 0 0 0 0 0
472 0.0333333333333333 0 0 0 0 0 0 0 0 0 0 0 0 0 0.666666666666667 0 0 0 0 0 0
473 0.0333333333333333 0 0 0 0 0 0 0 0 0 0 0 0 0 0.666666666666667 0 0 0 0 0 0
474 0.0333333333333333 0 0 0 0 0 0 0 0 0 0 0 0 0 0.666666666666667 0 0 0 0 0 0
475 0.0333333333333333 0 0 0 0 0 0 0 0 0 0 0 0 0 0.666666666666667 0 0 0 0 0 0
476 0.0333333333333333 0 0 0 0 0 0 0 0 0 0 0 0 0 0.666666666666667 0 0 0 0 0 0
477 0 0 0 0 0 0 0 0 0 0 0 0 0 0 0 0 0 0 0 0 0
478 0 0 0 0 0 0 0 0 0 0 0 0 0 0 0 0 0 0 0 0 0
479 0 0 0 0 0 0 0 0 0 0 0 0 0 0 0 0 0 0 0 0 0
480 0 0 0 0 0 0 0 0 0 0 0 0 0 0 0 0 0 0 0 0 0
481 0 0 0 0 0 0 0 0 0 0 0 0 0 0 0 0 0 0 0 0 0
482 0 0 0 0 0 0 0 0 0 0 0 0 0 0 0 0 0 0 0 0 0
483 0 0 0 0 0 0 0 0 0 0 0 0 0 0 0 0 0 0 0 0 0
484 0 0 0 0 0 0 0 0 0 0 0 0 0 0 0 0 0 0 0 0 0
485 0 0 0 0 0 0 0 0 0 0 0 0 0 0 0 0 0 0 0 0 0
486 0 0 0 0 0 0 0 0 0 0 0 0 0 0 0 0 0 0 0 0 0
487 0 0 0 0 0 0 0 0 0 0 0 0 0 0 0 0 0 0 0 0 0
488 0 0 0 0 0 0 0 0 0 0 0 0 0 0 0 0 0 0 0 0 0
489 0 0 0 0 0 0 0 0 0 0 0 0 0 0 0 0 0 0 0 0 0
490 0 0 0 0 0 0 0 0 0 0 0 0 0 0 0 0 0 0 0 0 0
491 0 0 0 0 0 0 0 0 0 0 0 0 0 0 0 0 0 0 0 0 0
492 0 0 0 0 0 0 0 0 0 0 0 0 0 0 0 0 0 0 0 0 0
493 0 0 0 0 0 0 0 0 0 0 0 0 0 0 0 0 0 0 0 0 0
494 0 0 0 0 0 0 0 0 0 0 0 0 0 0 0 0 0 0 0 0 0
495 0 0 0 0 0 0 0 0 0 0 0 0 0 0 0 0 0 0 0 0 0
496 0 0 0 0 0 0 0 0 0 0 0 0 0 0 0 0 0 0 0 0 0
497 0 0 0 0 0 0 0 0 0 0 0 0 0 0 0 0 0 0 0 0 0
498 0 0 0 0 0 0 0 0 0 0 0 0 0 0 0 0 0 0 0 0 0
499 0 0 0 0 0 0 0 0 0 0 0 0 0 0 0 0 0 0 0 0 0
